# Created by Octave 3.0.1, Thu Sep 10 02:12:35 2009 PDT <jwawerla@marvin2>
# name: prtA
# type: matrix
# rows: 100
# columns: 10
 445.8 710.1 733.4 1114.8 1499.9 1735.9 1801.1 1958.1 2026.9 2919.4
 353.7 637.9 878 1643.9 1694.4 2060.3 1986.4 2654.7 2723.1 2883.2
 73.90000000000001 140.5 414 679.6 1021.6 1564.7 1629 1775.3 1843.8 2003.1
 66.59999999999999 171.1 175.6 461.4 800.3 1809.4 2048.1 2194.5 2263 2879.5
 135.4 164.2 265 901.7 949.9 1571.6 1636.9 1783.8 1852.4 2011.9
 179.5 230.5 259.1 767.3 943.7 1691.7 1756.7 1905.2 1973.9 2780.7
 53.8 70.5 386.5 449.5 1020.8 1151.9 1216.7 2213.2 2281.9 2442.2
 167.5 253.3 358.3 445 823.6 945.2 1005.9 1666.4 1734.7 1906.2
 74.59999999999999 109.2 118.8 339.8 1002.7 1127.2 1189 1338.7 1616.2 2546.3
 54.1 195.6 251.9 700.3 743.5 868.8 930.8 1080.7 2736.6 2811
 75.8 232.5 244.9 453.8 772.5 1063.5 2188.9 2339 2847.8 2956.5
 147.5 289.9 303 471.1 884 1248.4 1309.9 2441.1 2859.8 3030.2
 78.09999999999999 148.2 159 653.7 777.3 1365.8 1798.8 1949.1 2017.3 2187.2
 163.6 258.2 432.8 521.1 718.7 1082.8 1947.2 2097.5 2169.3 2339.2
 131.6 256.8 270 839.1 1168.6 1513.5 1572.9 2037.7 2577.1 2746.5
 75 186.6 220.7 669.4 710 1422.3 1481.7 2127.3 2198.6 2367.1
 152.8 293.9 329.4 746.4 787.5 1566.7 1626.3 2045.5 2116.9 2973.4
 64.7 205.4 461.2 518.7 558.5 892.2 1687.2 2060.1 2130.7 2246.3
 78.7 126.9 137.4 565.5 710.9 1588.1 1646.1 1798.2 1868.7 2042.7
 172.5 195.9 264.2 611.5 940.5 1507.1 1565 1971.8 1965 2644.1
 88.09999999999999 150.5 162.1 581.3 918 1745.5 1802.2 1927 1994.2 2637.6
 75.40000000000001 166.5 178.1 451.7 489.2 1501.2 1558.3 1712.2 1782 2972.6
 76.59999999999999 152.8 221.1 475.7 578.4 1487.9 1545 1936.5 2006.2 2138.5
 79.5 127.2 137.3 800.4 837.8 1510.1 1567.2 1720.6 1790.2 2555.2
 82 113.9 122.5 621.1 754.1 1162.2 1219.3 2165.2 2234.7 2406.9
 105.9 183.7 194.8 766.9 803.6 1233.6 1290.8 1823.4 1892.9 2186
 67.3 79.2 86 546 899.4 1314.3 1371.6 1933.8 2003.2 2140.6
 40.2 190.4 201.7 494.4 831.3 1117.5 1618.7 2027.4 2883.2 3050.9
 79.40000000000001 144.5 229.8 715.7 796.2 1040.8 1276.6 1430.1 2466.4 3005.4
 126.8 193 204.1 530 565.2 1375.2 1622 2118.5 2186.8 2352.5
 65.3 76 138.2 613.7 649.1 1603.7 1777.1 2139.2 2207.3 2294.4
 108.5 123.5 132.8 693.8 794.3 1269.5 1693.5 2018.5 2093 2260.6
 176.3 211.9 223.7 269.4 712.1 1411.1 1883.4 2275 2615.1 2773.8
 112.3 127.5 137.8 639.3 807.1 1240.9 1297.5 1987.6 2055.4 2626.8
 75.5 87.09999999999999 166.5 305.6 702.9 1094.9 1151.6 2003.7 1816.1 1983.1
 64.40000000000001 74.8 154.6 641.5 717.5 1099 1579.4 1730.7 2332.7 3013.9
 50.2 58.5 64.59999999999999 328.2 600.9 1540.3 1597.2 1921.1 1993 2159.3
 115.3 130.8 141.5 266.7 336.5 1213.2 1270.1 1425 1492.7 1652.1
 59.8 133.2 144 468.5 503.2 1300.9 1682.2 1834.4 1902 2073.7
 64.5 74.7 100.9 134 778.9 952 1453.8 1605.7 1683.1 2828.8
 177.6 196.4 208.3 428.3 553.3 1243.8 1396.6 2084.4 2152.9 2980.9
 152.6 279 292 438.1 471.5 1066 1122.3 1936.5 2005 2623.3
 76.59999999999999 164.4 175.5 216.6 820.1 1112 1411.6 2420.9 2490.4 2660.4
 149.2 165.7 194.7 340.2 927 1301.7 1358.1 1705.9 1775.2 2349.9
 100.7 131.4 141.4 286.9 643.8 1433.6 1700.4 2154.8 2224.2 2393.5
 64.3 74 80.8 631.5 870.6 1339.8 1507.2 1798.5 2180.1 2795.4
 52.1 59.9 118.3 589.4 786.5 1185.5 1460.1 1612.2 1681.3 3159.6
 50.9 58.8 119.1 468.7 591.2 1267.3 1323.5 2409.3 2478.4 2648.9
 63 72.5 176.9 337.9 370.4 1403.1 1459.3 1611 1680 2953.9
 80.8 152.2 162.8 201.9 861.2 1386.5 1556.4 1708.1 1777.2 2524.7
 117.6 132.5 197.5 759.4 832 988.1 1044.3 1992.5 2061.5 2226.3
 75.2 86.2 130.3 502.1 535.1 798.5 1471 1622 2571.6 2742.9
 86.7 158.1 221 425.8 733.9 1425.3 1481.3 2135.8 2204.7 2378.2
 76.5 130.9 194.5 262.3 669.7 1178 1234 1996.7 2065.6 2238.9
 218.2 237.4 249.1 600.1 784.7 1294.1 1558.8 1707.8 1776.6 2753.6
 143.7 190.3 220.8 265.2 583.1 689.5 1347.3 2125.3 2194.1 3021
 118.3 133.1 142.5 274.5 305.6 1160.5 1216.9 1365.9 2050.6 2223.2
 205.5 396.2 408.7 570.5 912.2 1221.5 1278.3 1657 1725.4 1898
 84.8 241.6 304.4 352.8 494 1402.4 1572.9 1904.9 1973.4 2622.3
 75.5 217.9 293.6 383.9 643.4 1429.3 1852.1 2001.6 2070.2 2240.8
 100.5 145.6 155.4 417.3 756.1 914.9 972 1845.3 1913.8 2084.7
 92.59999999999999 165.7 335.8 429.3 907.2 1154.7 1211.8 1908.5 1977 2147.8
 54.7 126.6 154.6 374.7 923.9 1123.1 1553 1836.4 1905 2075.9
 40.2 97 104.8 166.6 548.3 1443.9 1501.2 1651.1 1718.7 3268
 40.1 80.7 143.1 1014.2 1047.3 1206.9 1264 1414 1787.2 2588.2
 85.90000000000001 157.4 204.9 714.4 884.4 1341.4 1398.5 1548.7 1616.1 1782.5
 110.6 143.7 153.7 245.5 832.6 1215.4 1272.6 2069.4 2403.5 2570
 73.3 161.1 171.3 245.4 588.7 937.7 1432.6 1582.8 1966.6 2752.1
 102.8 205.1 216.3 263.5 294.3 1689.9 1747 1897.2 1964.6 2130.9
 99.5 115 123.6 624.4 827.6 1124.3 1181.5 1893.9 1961.3 2127.7
 78.40000000000001 92 231.7 729.4 762.7 1017.8 1499 1649.4 2196.7 2744.2
 65.90000000000001 77.5 124 833.3 928.9 1304.4 1361.9 2085.3 2442 2606.9
 166.3 205 216.4 291 709.5 1562.3 1619.8 1770.1 1837.5 2002.5
 137.6 307.7 459.6 708.4 742.2 1130.8 1381.4 1690.3 1757.6 2571
 67.09999999999999 112.4 177.9 675.4 746.6 857.8 915.4 2822.1 2889.4 3053.5
 160.5 244.2 315.3 581.5 782.2 1409.8 1623 2284.4 2351.3 2510.1
 65 141.7 152 511.4 582.4 1233.5 1291.4 2117.9 2186.2 2721
 76.8 138.6 149.1 432.8 930.2 1042.4 1623.5 1777.2 1845.5 2008.8
 52.5 61.9 67.8 725.4 759.5 872.1 1554.2 1706.4 1774.7 3283.8
 127.2 143.7 154.7 545.8 823.9 1522.5 1580.3 1880.3 1948.6 2112.6
 171.3 190.5 395.6 493.1 527.7 1185.6 1243.5 2306.6 2374.9 2071.1
 88.2 203.8 216.5 264.6 827.4 1159.9 1218.2 2012.6 2081 2244.4
 67.59999999999999 78.8 214.3 536.9 880 1437.7 1496 2308.3 2377 2749.3
 136.3 187.8 200 673.2 708.2 1030.8 1619.6 1768.6 1837 2000.3
 64.3 127.1 137.5 801.8 836.9 1415.6 1779.3 1928.3 1996.7 2160
 74.40000000000001 104 113.4 628.4 878.2 1318.3 1376.4 2063.2 2131.7 2295.1
 54 63.4 70.3 450.9 705.8 1265 1323.2 1836.2 1904.7 2068.3
 40.1 65.40000000000001 72.5 684.4 866 1222.9 1976.9 2336.5 2404.6 2568.1
 65.09999999999999 76.59999999999999 203.5 278.3 856.2 1098.5 1781.3 2129.5 2197.6 2361.2
 93.3 201.4 253.9 839 919.6 1663.1 1857 2006.1 2074.2 2237.8
 75.3 136.7 190.1 559.2 1012.2 1454.8 1513.2 1662.4 2067.1 3800.7
 79.09999999999999 92.5 187.9 568.5 639.6 1207.9 1266.4 1748.5 1816.6 3426.5
 95.2 233.7 248.4 652.5 835.8 1109.6 1168.3 1317.4 1385.6 2767.7
 40.1 70.2 77.90000000000001 687.8 843.6 1412.9 1471.5 1620.7 1688.8 3014.6
 40.1 44 49.1 329.5 1031.9 1626.5 1685.3 2151.1 2219.3 2349.6
 84.5 178 336.8 820.3 854.8 1390.1 1448.9 2368.5 2436.6 2599.1
 137.5 284.4 300.4 380.5 414.5 1711.1 1769.9 1918.7 2515.4 2677.8
 90 141.6 154.5 246.9 856 1376.1 1435 2458.9 2526.9 3111.1
 54.1 132.2 186.5 636.2 671.3 1516.1 1575 2374.4 2442.5 1912.5
 125.9 144.6 157.5 500.8 580.9 1045.6 1104.6 2009.5 2076.6 2235.6
