# Created by Octave 3.0.1, Thu Sep 10 07:34:38 2009 PDT <jwawerla@marvin2>
# name: prtA
# type: matrix
# rows: 100
# columns: 10
 208.9 249.8 587.8 868.1 1301.4 1425.8 1488.5 2495.9 2563.9 3143.2
 81.3 175.9 471.9 833.5 881.6 1426 1484.5 2339.9 2406.9 2565.7
 115.4 138.4 240.7 1107.5 1155.7 1285.8 1345 1501.4 1570.1 3790.5
 95.09999999999999 244.7 480.3 899.7 1056.8 1191.5 1251.1 1408.6 2688.5 2848.9
 80 538.8 568.8 794.9 850.2 1551.6 1611.8 2247.6 2698.5 2859
 98.40000000000001 186.3 658.3 771.2 823.6 960.7 2402 2926.1 2994.9 3032.8
 223.3 260.6 588.3 812.3 1261.8 1603.4 1665 1822.2 1886.2 2870.1
 174.4 211.2 237.3 850 1072.4 1649.5 1711.3 2907.9 2971.8 3152.5
 65.8 122 136.7 931.8 1171.8 1769 2009.6 2455.1 2519.9 2588
 119.8 145.6 251.8 325.8 1118.5 1253.8 1313.4 2084.2 2149 2727.7
 83.09999999999999 123.2 138.7 758.1 1101.3 1237.7 1297.4 2245.2 2309.9 2370.6
 119.2 201.6 245.9 936.7 1146.5 1283.7 1343.5 2111.2 2176 3048.2
 103.9 148.6 166.1 673.3 1326.9 2051.5 2111.4 2268.7 2333.5 2549.5
 76.40000000000001 117.5 302 1000.6 1051.8 1190.6 1250.6 2018.8 2084.4 2857.2
 84.5 173.2 192.1 985.1 1363.4 1615.5 1675.8 1713.2 1780.7 2696.4
 124.2 428.9 546.3 1025.6 1078.3 1631.5 1688.7 1845.6 1910.9 2745.7
 182.2 229.5 272.1 785 963.3 1715.8 1775.1 1931.7 2016.1 2863.3
 139.6 310.1 606.7 737.8 782.6 1383.4 1601.5 1761 2503.2 3240.9
 40.1 44.2 50.2 808.3 1056.2 1659 2035.5 2204.5 2296.5 2504.6
 174.4 288 327.3 772.8 817.5 1132.4 1853.1 2028.2 2120.4 2786.5
 56 65.40000000000001 116.5 694.2 1181.8 1260.1 1318.8 1823.9 1891.3 2050.5
 56.2 193.4 253.3 714.3 759.7 887.4 947.5 1068 2736.6 2543.5
 156.2 194 286.1 935.2 1037.2 1376.1 1436.3 1806.3 2302.5 2349.6
 70.3 82.3 170.6 888.5 1235.3 1360.9 1829.7 2001.9 2090 2286.9
 119.4 154.4 225.8 556 599.3 1518.3 1815.8 1985.4 2070.5 1877.8
 162.6 246.5 382 601.6 986.3 1608.5 1668.6 2284.4 2351.3 2510.1
 138 190.4 355.1 691.1 942.2 1596.4 1656.3 1824.2 1907.8 2094.6
 74.5 163.6 178.4 576.7 859.5 1420.5 1480.6 1964.2 2047.3 2735.1
 80.3 93.7 191.7 618.3 798.4 1237.1 1297.2 1797.5 1880.5 3397.5
 53.1 62.5 70.59999999999999 742.8 786 1533.4 1593.6 1760.3 1842.8 3371.7
 40.1 83.59999999999999 151.5 1036.3 1129.8 1252.2 1312.3 1783.7 1786.7 2574.5
 52.4 61.8 69.7 746.8 836.7 1661.5 1721.6 1886.7 1966 2885.8
 113.3 148 185.1 820.3 1136.5 1259 1965.5 2397.2 2476.5 2660.1
 77.90000000000001 183.8 221.2 673.9 715.9 1426.3 1486.5 2145.9 2224.5 2406.3
 147.4 216.8 233.4 727.1 768.4 1474 1756.9 2200.9 2278.8 2459
 66.09999999999999 128 141.3 810.7 850.3 1737.5 1797.4 1958.2 2034.4 2211.4
 150 263 300 464.6 874.2 1230.4 1290.2 2431.6 2857.8 3033.7
 67.59999999999999 77.5 144.1 624.4 706.1 1623.6 1800.1 2168.8 1947.2 2112.1
 88.8 146.2 160.5 576.5 912 1736.8 1796.2 1953.1 2025.1 2686.6
 102.5 146.9 161.2 425.4 767.7 932.7 1566.7 1872 1943.8 2114.3
 64.7 74 182.8 350.2 386.2 1424.9 1484 1639.2 2055.3 2986.2
 81.2 140.3 153.7 490.4 572 1031.4 1090.6 2032.1 2103.6 2275.3
 80.09999999999999 91.40000000000001 230.6 714.2 794.6 1038.7 1276 1430 2469 3011.3
 50 57.3 63.9 324.1 596 707.5 1594.3 2111.7 2182.5 2348
 177.7 194.9 209.2 428.9 553.6 1247.7 1401.9 2092.1 2162 2072.1
 75.90000000000001 118.1 129.5 546 685.5 796.9 1612.7 1766.3 1836.2 1985.3
 64.2 73.09999999999999 81.09999999999999 636 669 1090.8 1571.6 1724.7 2328.7 3006.6
 53.4 61 152.5 191.2 917.5 1118.9 1549.1 1836.1 1905.8 2075
 40.1 40.1 73.3 147.3 824.7 934.9 1444.3 1596.2 1663.5 2414.8
 86.8 198.7 212.8 255.5 815.3 1143.2 1200.4 1997.4 2064.7 2225.8
 98.5 157.9 255.5 299 842.1 1459.2 1515.8 1983.2 2050.3 2687.2
 62.9 71.5 145.5 496.9 566.3 792.5 1270 2096.1 2163.2 2725.3
 75.2 85.5 164.9 299.6 694.2 1083.9 1140.7 1992.3 2016 2638.9
 74.09999999999999 213.8 291.6 378 636.5 1422.9 1845.4 1995.9 2067 2226.1
 76.40000000000001 162.5 174.3 213.9 652.4 1108.4 1408.7 2415.6 2483.3 2650.6
 160.9 208.5 221 264 703.6 1401.3 1569.1 2266.8 2609.4 2776.5
 62.4 131.4 426.3 495.1 527.2 848.4 905.6 2015.4 2083.3 2246.3
 104.2 178.4 190.1 452.2 784.3 1209.7 1267.1 1795.8 1863.7 2623.3
 133.5 148.9 159.9 299.5 896.6 1183.8 1552.1 1701.9 1770 1937.2
 100.1 181.3 211.4 254.3 284.2 783.1 1736.2 1886.1 1954.1 2121.2
 90.2 175.5 205.4 489.5 852.7 1217.2 1692.1 1977.5 2045.6 2212.3
 141.8 187.6 219.4 263 292.9 688.4 1346.9 2125.9 2194.1 3014.8
 202.8 293.4 407.1 567.7 908.5 1017.6 1277.4 1656.8 1725 1891.7
 64 73.5 99.90000000000001 132 773.9 947.7 1450.1 1599.9 1668.2 2834.5
 64.09999999999999 148.6 287.3 359.8 390.9 956.2 1736.8 1886.9 1955.9 2649
 116.6 131 196.4 760.5 832 992.7 1050 1997.1 2066.2 2230.7
 74.7 85.5 130.3 504.7 536.8 1421.9 1479.2 2022.4 2577.9 2742.4
 52.2 60.2 119.1 592.1 788.2 1190.9 1466.7 1617.1 1684.8 3159.1
 40.1 94.5 103 163.6 543.7 1441.7 1499.1 1649.5 1717.4 3263.7
 52.1 60.1 135.2 616.1 648.4 1487.3 1544.5 2345.7 2414.4 2954.3
 65.8 75.59999999999999 82.90000000000001 137.2 386.4 1678.8 1736 1892.5 1961.3 2654.1
 84.3 153.4 201.7 711.3 880.4 1340.5 1397.8 1547.3 1615.4 1780
 72.90000000000001 100.5 109.5 620.3 867.1 1304 1361.3 2048.5 2116.7 2281.4
 97.7 111 120.9 620.7 822.9 1122.9 1180.3 1891.9 1960 2124.9
 75 133.7 144.7 427.4 922.9 1035.3 1615.9 1765.4 1833.5 1998.4
 66.3 76.40000000000001 171 398.7 465.2 870.5 1810.8 2133.5 2201.7 2823.9
 73.7 132.2 143.2 514.5 954.7 1265 1496.6 1645.1 1713.3 3784.6
 74 161.4 173.6 443.9 475.8 1486.6 1544.1 1692.8 1761 2072.7
 64.5 74.7 82.3 842.9 875.5 1350.6 1519.6 1807.3 2187.7 2798.8
 84.2 241.3 306.5 356.5 497.2 1411.8 1583.1 1914.8 1982.8 2626.1
 76.3 88.3 150.5 598.1 667.5 1325.5 1383.4 1905.9 1974 2139
 113.2 129 139.7 643.3 809 1246.2 1304.1 1992 2389.7 2131.4
 169 188 255.5 597 630 1481.5 1539.5 1919.1 1988.1 2152.3
 125.6 142.1 153.3 544.4 820.9 1520.6 1578.6 1876 1944.1 2108.3
 167.2 250.3 356.1 440.1 810 924.2 982.2 1642.1 1710.1 1874.4
 164 200.7 213.9 289.1 706.8 1563.3 1621.4 1770.1 1838.2 2002.6
 126.7 193.5 295 534.5 567.5 1381.5 1629.8 2123.1 2191.2 2354.2
 161.3 248.5 262.5 505.4 538.4 1048.5 1911.3 2060 2128.2 2291.3
 51.4 60.3 122.7 481.7 604 1288.2 1346 2428.6 2496.8 2658.7
 109.4 125.5 270.6 703.8 802.5 1283 1708.5 1747.9 1814.8 3423.6
 67.7 79.3 215.5 540.1 881.5 1439.3 1497.2 2284.4 2351.3 2510.1
 61.2 136.5 147.6 477.8 510.9 1314.3 1696.7 1845.5 1913.8 2075.7
 171.2 190.8 396.9 497.4 767.4 1190.5 1248.5 2309.5 2377.8 2393.4
 52.4 61.3 67.90000000000001 425.9 504.2 1100 1158.1 2022.6 2091.7 2226.1
 153.8 172.9 323.6 597.6 771 1240.4 1599.3 2002.7 2070 2908.9
 75.90000000000001 226.4 240.4 445.4 479.2 1036.4 2160.1 2307.8 2816.7 2977.9
 65.2 76.40000000000001 202.7 786.2 856.5 1098.8 1781.4 2128.4 2196.7 2357.9
 93.7 168.9 342.6 441.9 920.8 1176.5 1234.7 1929.8 1998.1 2158
 81.2 128.5 139.8 806.1 840.3 1515.1 1573.4 1721.3 1789.6 2542
 40.1 66.2 73.40000000000001 689.2 1111.3 1568.1 1981.7 2340.3 2408.6 2568.5
