# Created by Octave 3.0.1, Tue Sep 08 20:09:30 2009 PDT <jwawerla@daneel>
# name: prtA
# type: matrix
# rows: 100
# columns: 10
 216.3 301.3 629.9 930.3 973.7 1257.1 1320.5 2007.2 2074.4 2233.4
 294.5 354.2 451.8 813.4 1043.5 1181 1892.5 2048.2 2116.7 2732.8
 300 382.3 620.1 882.3 1417.9 1913.6 1978.5 2135.2 2203.9 2364.3
 374.8 575.5 611.7 1379.6 1586.3 1731 2316.7 2474.7 2543.6 2510.1
 485.4 604.7 642.9 1464 1520.4 2117.7 2184.7 2127.8 2195 2809.4
 157.1 766.9 830.4 1191.5 1244.7 2030.5 2355.9 2514.1 2583.1 2742.6
 178.3 567.3 603.1 933.8 1418.9 1567.9 1627.2 2101.4 2480.7 2639.5
 216.9 825.6 939.9 1343.6 1399.5 1341 1399.4 1549.5 1617.1 1776.4
 126.6 639.5 886.2 1311.1 1367.4 2051.5 2111.9 2271.1 2168.8 2329.4
 424.4 602.7 842.7 1525.6 1581.5 1880.7 1941 2100.3 1935.3 2094.5
 460.7 531.1 572.3 889.8 1665.4 2039 2099.5 2258.9 2327.9 2487.6
 88.3 550.3 895.9 1296 1340.6 1893.6 1956 2114.8 2183.8 2343.7
 113.5 504.6 583.9 1100 1152.4 1290.3 2143.9 2299.9 2368.4 2528.5
 78.2 618.9 647.5 1053 1105.9 1666.2 1729.9 2927.6 2996 3156.1
 77.59999999999999 136.7 822 1161.6 1281.8 1989.9 2053.7 2498.1 2566.6 2726.7
 186 210.2 285.9 603.9 1189.2 1629.4 1692.6 2167.4 2234.9 2961.7
 79.40000000000001 236.5 252.9 477.1 798 1058.8 2149.1 2294.5 2798 2956.5
 80.5 166.6 180.7 705.9 1030.4 1169.7 1231.2 1766.1 1844.5 2608.3
 80.2 131.6 143.2 543.5 742.3 1500.2 1562.4 2596.6 2663.9 2822.1
 143.6 164 275.6 911.5 953 1585.3 1647.6 1801.3 1868.6 2028.2
 150.8 224.8 303.2 745.8 1372 1736.2 2079.2 2232.8 2300.1 2459.8
 81.2 148.6 161.8 666.9 788.8 1763.1 1825.3 1978.9 2046.3 2206
 56.4 195.5 252.4 710.3 751.3 888.5 950.8 1104.1 2647.8 2816.2
 53.4 63.5 70.5 756.8 1043.5 1685.8 1748.2 1822.5 1969.1 2049
 180.1 222 236.4 588.9 630.7 1370.3 2061.4 2868.5 2936 1985.7
 167.6 256.8 434.5 530.7 728.4 1907.9 1970.2 2123.6 2191.1 2346.6
 68.8 134.3 146.6 634.2 715 1760.2 1821.1 2184.6 2216.6 2384.3
 150.1 253.6 268.8 837.8 1163.5 1510.8 1571.7 2038.9 2058.9 2681.7
 85 158.8 170.9 849.9 977.9 1544.2 1604.3 1756.6 1823.3 1939.5
 67.8 97.2 106.6 763.1 800.4 1433.9 1494.1 1646.2 1713 2876.4
 138.9 188.8 201.4 677.4 713.8 1041.9 1632 1755.4 1822.9 1982.1
 130.5 196.2 318.5 539.7 576.1 1395.5 1645.1 2144.8 2213.9 2375.7
 132.3 147.9 159.3 578.6 912.6 1741.5 1800.5 1955.4 2024.4 2676.5
 80.59999999999999 169.8 182 637.6 836.8 1382.9 2102.2 2452.5 2521.5 2682.6
 40.1 70.09999999999999 77.40000000000001 686.3 843.5 1414.5 1473.3 1628.1 1697.1 2755.3
 211.4 402 416.2 787.7 925.4 1244.8 1303.3 1686.3 1755.1 1921.5
 82.40000000000001 145.4 231.2 714.9 793 1040 1275.6 1428.7 2465 3002.1
 172.2 207.5 219.5 267.5 299.7 1701.6 1758.9 1911.8 1980.4 2146.1
 119.9 151.9 219.4 470.1 568.2 1477.7 1534.2 1924.1 1992.4 2157.1
 127.4 142.9 153.5 489.8 523.2 1028.5 1085.1 2023.9 2092.3 2257.2
 171.4 252.8 357.3 438.7 808.8 924.8 981.6 1644.8 1712.8 1879.5
 116.5 131.3 141.3 642.7 807.9 1247.2 1304.2 1995.9 2049.6 1876.9
 155.4 172.6 321.6 368.4 759.2 1228.4 1586.1 2007.3 2076.6 2908.9
 65.8 140.7 151.1 506.4 575.6 1229.2 1286 2112 2181.2 2742.8
 80.2 91.7 184.9 226.4 625.5 1190.8 1247.6 1732.8 1802 3418.2
 41 189.4 200.4 486 817.1 1102.5 1159.1 2011.2 2866.7 3035.4
 138.6 281.6 294 365.8 395.9 961.8 1741.6 1894.3 1962.3 2659.5
 103 148.1 158.1 418.1 754.1 915.5 971.9 1847.9 1916 2084.3
 221.6 240.9 252.7 602.6 784.8 1296.2 1560.9 1713.8 1781.7 2754.4
 55.2 126.6 154.3 312.8 917.1 1116.3 1545.5 1832.1 1900.1 2069.3
 172.4 190.1 392.9 485.1 515.7 1168.3 1224.6 2289.1 2357.1 2999
 148.1 164.4 292.3 383.6 478 1195.1 1251.7 2385.9 2453.9 2961.7
 120.3 135.3 144.6 275.7 305 1161.7 1218.5 1370 2053.7 2222.2
 80.5 125.6 134.1 338.7 820.6 1164.3 1544.1 1695 1761.6 2521.7
 64.3 73.90000000000001 178.1 340.7 371.4 1405.7 1462.6 1613.3 1680 2943.9
 179.9 213.6 224.4 727.8 759.9 996.5 1669.6 1820.3 1887 2703.3
 166 200.6 211.4 282.6 699 1549.8 1606.9 1757.7 1824.4 1993
 53.7 61.7 136.6 617.3 649.7 1485.5 1542.7 2344.5 2411.2 2055.4
 85.7 293.6 305.6 354.4 494.4 1404.7 1575.5 1909.4 1976.1 2621.9
 51.3 59.3 64.40000000000001 327.2 596.6 705.8 1591.7 2094.8 2408.8 2573.4
 68.09999999999999 78.5 139.6 532.1 872.2 1424.8 1482.3 1586.8 1971.9 2749.3
 83.7 173.9 203.9 805.3 837.5 1039.2 1422.7 2345 2410.8 2578.3
 66.09999999999999 76.2 82.7 842.9 875.2 1346.8 1515.4 1806.2 2184.4 2797.9
 67.09999999999999 77.09999999999999 170.5 396.5 463.4 865.8 1806.1 2131.5 2198.2 2823.3
 76.09999999999999 134.7 144.3 426.3 922.2 1033.1 1613.3 1764.5 1831.4 1997.9
 74.90000000000001 133.4 142.9 514 954.7 1262.9 1494.1 1644 1710.9 3784.1
 40.1 64 69.8 475.4 855.6 1208.2 1961 2321.7 2388.5 2555
 93.40000000000001 166 336.7 431.5 909 1160.6 1217.7 1915.1 1982 2148.3
 179.5 213.9 225.8 274 714.9 1416.8 1890 2282.2 2623.9 2790.3
 76.09999999999999 134.9 415.7 565.7 994.8 1370.3 1578.2 1728.7 1795.6 1962
 95.59999999999999 231.6 243.9 644.9 826.4 1095.8 1153.1 1303.9 1370.8 2756.1
 40.1 81.2 144.4 1017.9 1050.9 1214.5 1271.7 1422.5 1795.2 2596
 118.7 133.8 143.9 270.8 1105.8 1218.2 1275.7 1426.4 1493.5 1659.4
 79.09999999999999 90.7 230.7 695.7 762.2 1020.7 1502 1651.4 2198.3 2747
 94.09999999999999 199.9 250 798.1 866 1652.7 1845.7 1994.9 2061.9 2227.7
 53 61.2 66.90000000000001 420.1 453.6 1093.5 1151.3 2136.5 2203.6 2366.5
 121 136.3 202.2 770.5 843.9 1008.4 1066.2 2000.1 2067.3 2226.3
 54.4 63 123.4 601.2 901.4 1205.4 1481.6 1630.1 1697.9 3170.4
 138.9 235.8 458.9 707.8 741.9 1134.7 1385.6 1692.4 1760.3 2571.5
 55 63.8 69.8 449.8 703.4 1262.6 1320.5 1832.9 1900.8 2063.5
 68.7 79.09999999999999 106.8 363.9 397.2 1692.7 1750.7 2148.4 2869.8 3029.7
 53.4 61.7 67.40000000000001 726.8 760.9 876 1558.3 1699.2 1766.7 3259.1
 40.1 43.7 47.9 324.7 822 1619.2 1677.3 2142.2 2210.1 2372.8
 112.9 127.7 272.5 771.4 806.1 1287.1 1712.8 1768.8 1836.8 1996.9
 102.1 116 125.4 630.3 834.9 1137.8 1195.9 1890.1 1957.4 2116.4
 76.90000000000001 106.3 115.2 331.5 632.8 1102.9 1161.1 1310 2169.5 2329.6
 188.5 207.7 220 798.7 833.3 1166.9 1225.1 2017.4 2066.7 2225.8
 76.8 166 177.2 451.6 486.3 1498.3 1556.2 1705.1 1773.6 2648.6
 153.8 189.6 276.6 743.6 944.3 1326.8 1384.5 1728.9 1796.7 2362.7
 108.2 185 197.4 768.8 803.7 1235.9 1293.9 1821.5 1889.6 2161.9
 76.7 182.5 195 662.5 697.7 1011.4 1460.2 2104.1 2172.3 2315.7
 65.90000000000001 76.59999999999999 202.3 278.4 856.7 1098.6 1781.3 2129.1 2197.2 2357.9
 65.5 128.4 139.1 806.5 841.8 1726.5 1784.9 1933.5 2001.6 2162.3
 79.09999999999999 124.5 135 561.5 703 1576.5 1634.9 1783.7 1851.9 2011.3
 53 115.5 125.6 487.8 612.4 1297.2 1355.6 2438.9 2507.1 2666.5
 104.7 137.9 149.1 629 664.5 1672.8 1873.2 2182.6 2250.8 2410.2
 41.2 99.7 109.2 270.8 902.2 1467 1525.5 1674.8 1743 3284.2
 67.90000000000001 113.7 181.3 684.5 757.7 873.4 931.9 2837.5 2905.6 2368.3
 62.3 139.7 173.2 485.5 521.1 1325.8 1708.9 1857.6 1925.6 2054.4
 90.59999999999999 142.2 154 247.6 858 1376.5 1435.1 2458.9 2527 3108.7
