# Created by Octave 3.0.1, Thu Sep 10 05:39:50 2009 PDT <jwawerla@marvin2>
# name: prtA
# type: matrix
# rows: 100
# columns: 10
 267.8 609.3 626.5 762 808.3 941.9 2360.1 2874.4 2942.2 3255.3
 239.3 549.1 586.1 1445.7 1499.4 1878 1944.6 1912.1 1979.4 2138.5
 369.4 901 930.6 1123 1539.7 1817.9 1884.8 2043.7 2112.6 3244.1
 598.6 649.1 724 1098.9 1575 1723.1 2320.7 2984 3052.9 3213.5
 438 776.1 1116.9 1225.4 1284.3 1807.5 1875 2517 2585.3 3159.9
 298.8 882.2 917.2 1205.8 1569.7 1719.7 1787.3 1710.5 1778 1937.2
 390.1 424.6 888.5 1036.7 1175.7 1861.8 1928.3 2086.6 2155.5 2316.1
 54.3 71.8 150.8 511.7 595.4 1266.9 1332 2102.6 2169.7 2721
 63.4 101.6 116.6 336 1002.4 1137.8 1203.4 1983.2 2049 2207.3
 75.90000000000001 213.6 235.6 700.3 749.2 1889.3 1955 2770.6 2839.6 3000.3
 47.5 62.2 71.09999999999999 742.2 835.1 1666.1 1730.4 1981.2 2050.1 2943.7
 68.7 166.8 183.8 574.8 860.1 1427.6 1492.3 2062 2748.3 2142.6
 89.7 167.4 247.7 490.9 533.4 1055.2 1922.9 2054.4 2121.6 2280.6
 49.2 55.1 60.7 138.7 751.1 876 1560.6 1828.6 1897.4 3419
 40.1 40.1 40.1 154.2 1015.1 1182.7 1243.4 1447.6 2456 2664.9
 52.6 57.8 61.3 173.7 464 1264.9 1325.1 1839.7 1907.7 2100
 135.6 145.8 180.5 211.3 417.7 1202.7 1358.9 2073.7 2159.7 2739.5
 40.1 40.1 49.8 142.6 167.3 604.4 1114.8 2009.5 2076.6 2235.6
 60.1 77.59999999999999 108.2 136 589.4 1114.3 1242.2 1963.9 2031.9 2196.2
 40.1 40.1 40.1 72.59999999999999 136 884 943.1 1578.5 1646.5 2412.4
 90.2 98.8 164.7 360.9 396.5 877.4 937.6 1637.6 1705.7 1887.7
 40.1 75 79.90000000000001 171.3 202.3 1360.3 1420.7 1722.6 1790.8 2675.6
 44.4 49.1 52.5 70.59999999999999 433.5 1208.4 1267.8 1814.9 1883 2060.5
 94 103.1 216.9 258 597.1 1263.8 1414.3 1715.1 1783.2 2764.7
 62.4 69.09999999999999 73.7 193.1 639.5 750.6 1016.7 2086.2 2154.3 2331.9
 43.1 60.5 64.7 140 598.6 752.5 1620.4 2127.3 2195.4 2592.8
 61.9 68 72.40000000000001 171.7 393.5 530.3 1493.2 1667.7 1735.8 1944.4
 71.59999999999999 91.2 123.4 151.5 494.6 875.2 1525.8 1848.8 1916.9 2094.5
 41.8 106.4 202.4 410 555.2 973.6 1241.2 1645 1713.1 1886.2
 64.59999999999999 71.5 76.2 199.7 254.9 1142 1207.5 1995.3 2063.5 2239.4
 51.7 56.7 60.6 175.6 202.1 1354.2 1417.8 1603.7 1671.8 2943.9
 52.5 57.1 73.09999999999999 91.5 198.2 802.1 1178.3 1693.7 1761.4 1939.9
 81.7 89.59999999999999 94.2 163.4 275.2 1231.8 1457.7 1946.5 2014 2664.8
 66.7 73.09999999999999 77.09999999999999 164.5 280.3 954.9 1281.3 1646.1 1717.9 2299.9
 58.4 64.2 67.8 129.6 421.4 1011.7 1069.8 1651.9 1723.4 1899
 40.3 77.40000000000001 81.3 165.1 324.6 778.1 1190.2 1658 1997.9 2860.7
 58.3 63.9 67.3 138.2 318.2 577.4 845.8 1688.9 2179.1 2338
 40.1 68.09999999999999 71.59999999999999 86.7 229.7 798.5 986.7 1328.5 1402.6 2913.9
 49.4 54.3 57.3 128.9 433.5 548.9 605.4 2020 2087.2 2246.3
 40.1 43.1 45.3 55.3 65.09999999999999 608.7 665.1 1658.3 2083.9 2016.2
 40.1 87.8 92.09999999999999 179.8 392.5 766.6 1130.9 1797 2282 2452.8
 47.7 103.6 108.3 178.9 253.7 634.8 1428.3 1595.6 2291.1 2903.8
 40.1 40.1 40.1 71.90000000000001 104 396.8 1633 2028.3 2190.6 2349.6
 81.90000000000001 88.59999999999999 92.7 124.9 141.7 1109.2 1164.4 1425 1492.7 1652.1
 50.5 54.8 57.5 101.7 242.5 831.5 1043.9 1209.8 1277.9 2669.4
 65.8 71.5 75 144.9 196.8 707.6 970.5 1665.6 1822.9 1982.1
 49.6 53.8 56.7 69.5 196.3 850.6 953.2 1820.6 2089.9 2263.9
 40.1 40.1 40.1 179.1 198.3 828.9 1057.3 1665.2 1732.9 2949.2
 69.59999999999999 75.3 79.2 179.8 293.9 783.4 838.8 1851.9 1919.7 2093
 58.8 63.8 67.40000000000001 210.5 295.4 780.6 1389.6 1919.9 1987.7 2161.4
 70.40000000000001 87.3 92.2 178.9 216.6 303.6 750.7 1811.6 1879.4 2053.7
 47.9 73.8 78.3 139.5 157.3 913.1 1468.9 1841.7 1909.5 2573.1
 40.1 40.1 40.1 92.09999999999999 106.1 898.9 954.8 1566.4 1634.2 1807.2
 95.3 102.5 165.7 207.8 228.7 779.2 963.5 1741.8 1809.6 1982.6
 78.5 84.8 89.90000000000001 108.7 124.3 838.2 1081.7 1243.6 1871.1 2043.3
 40.1 40.1 84.3 175.6 252.1 923.9 1051.5 1905.6 1970.9 2143.5
 68.90000000000001 74.8 79.59999999999999 155.8 228.1 756.2 1397.9 1783 2129.4 2366.3
 64.7 70.59999999999999 75.3 120.5 272.2 811.4 1233.1 1762.7 1828.2 2321.6
 66.09999999999999 72.09999999999999 76.90000000000001 188.4 229 606.8 662.9 2055.9 2121.4 3016.1
 57.3 62.7 67 99.5 114.3 886.2 1143.6 1428.9 2032.1 2206.3
 57.5 62.9 67.3 116.1 152.1 857.4 1316.1 1476.3 2417 2591.1
 67 73.2 78.2 153.4 209.9 946.2 1307.4 1467.5 1532.9 1707.1
 40.1 40.1 40.1 41.6 48.8 1037.5 1265 2048.4 2113.9 2349.6
 40.1 40.1 40.1 62.3 73 1115.9 1172.2 2029.3 2305.4 2543.5
 66.5 73.40000000000001 78.09999999999999 238.9 312.8 516.8 1374.6 1830 1895.7 2133.1
 49.3 54.7 70.8 86.59999999999999 155.6 768.2 824.6 1819.1 1884.7 2065.7
 59.2 65.90000000000001 70.3 133.7 310.5 946.6 1003.3 1682.1 1747.7 1928.6
 49 65.90000000000001 70.2 86.5 139.2 723.9 780.8 1553 1618.7 2677.8
 40.1 46.4 49.4 184.8 249.6 737.8 794.7 950.2 1015.9 2469
 80.09999999999999 88.2 93.59999999999999 131.8 150.2 672.3 1411.7 2079.6 2145.3 2322.7
 40.1 67.40000000000001 71.7 165.7 185.7 850.1 1091.8 2151.5 2413.1 2590.4
 63.9 71.5 76.2 111.7 128.3 768.2 1120.1 1275.9 1341.7 2311.3
 60.7 79.09999999999999 84.2 163.9 303.6 881.7 1177.6 1506.9 2381 2909
 82.40000000000001 91.7 97.09999999999999 134 241.2 1084.8 1141.8 1297.6 1363.4 2156.3
 86.40000000000001 96.09999999999999 101.6 141.6 160.6 1076.9 1187.7 1990.1 2055.9 2499.4
 40.1 87.7 92.90000000000001 146 165.6 836.1 893.3 1773 1838.9 2013.8
 40.1 55.1 58.6 74.3 144.2 857.8 1378.7 1840.4 1975.1 2134.2
 57.5 64.59999999999999 68.8 135.2 196.5 1113.8 1241 1569.7 1637.2 3719.2
 40.1 40.1 73.7 126.1 306.7 1092.7 1150.1 1627.5 1694.9 1869.4
 40.1 40.1 62 97.09999999999999 362.3 790.2 847.7 2058.1 2125.6 2300
 40.1 56.6 60.5 77 132.6 1149.8 1279.9 2074.5 2429.2 2588
 40.8 45.9 49.2 62.8 193.3 1119.7 1177.4 1550.5 1618 3102.7
 64 71.8 76.90000000000001 175.7 476.8 872.9 929.1 2049.3 2339.4 2515.5
 57.3 64.40000000000001 69.09999999999999 235.8 610.3 770.6 1104.9 1609.1 1676.6 2500.9
 50.6 56.9 61.1 283.1 308.5 889.9 946.2 1822.3 1889.8 2594.3
 40.1 45.2 48.5 62.6 385 1013.5 1069.9 1222.8 1916.4 2080.8
 40.4 68.09999999999999 73.09999999999999 93.40000000000001 554 798 854.4 1577.3 2187.1 2726.9
 60.1 67.7 72.8 125.8 145.4 728.8 785.3 1696.5 1760.7 1936
 40.4 57.3 61.8 79.3 139.1 1147.2 1335.7 1739.1 1803.2 2291
 40.1 40.1 64 82 453.6 1074.3 1414.6 1878.4 2299 2473.6
 85.5 95.90000000000001 152.7 247.2 392.1 991 1390 1697.1 2351.3 2510.1
 41.1 46.8 50.7 134.2 197.4 910.7 1480.3 1632 2347.3 2092.3
 72.40000000000001 82.09999999999999 114.5 197 318.3 934.4 991.4 1141.4 2002.7 2226.3
 58.8 66.8 72.40000000000001 233.2 258.6 790.7 1013.3 2228.9 2293.2 2956.5
 40.2 46 50 120 165.5 1215.2 1272.4 1789.4 2421 2596.2
 49.8 68.59999999999999 74.7 167.7 258.3 1035.2 1092.5 1242.9 1702.8 1878
 82.90000000000001 151.7 161.7 212.4 263.7 753.2 1552.8 1704.8 1767.6 1983.9
 40.1 48.1 66.40000000000001 85.7 184.1 1245.1 1302.5 1863.5 1926.2 2101.4
 69.40000000000001 78.90000000000001 85.59999999999999 214.5 239.6 1090.2 1147.6 1943.2 2005.8 2180.1
 40.6 58.6 64 102.7 120.6 832.5 954.5 1551.9 1614.5 2790.4
