# Created by Octave 3.0.1, Wed Sep 09 19:50:48 2009 PDT <jwawerla@marvin2>
# name: prtA
# type: matrix
# rows: 100
# columns: 10
 288.6 311.3 328.8 802.2 1033.5 1605.4 1662.2 2123.4 2190.6 2349.6
 227.8 263.9 635.7 740.3 1047.1 1887.7 1948.9 2615.1 2683 2842.7
 270.4 552.3 869.5 955.3 1180 1623.7 1689.1 1846.3 1915 2075.4
 285.4 361.8 376.8 852.1 1393.2 1880.4 1943.7 2097.9 2166.4 2326.6
 152.3 186.1 373.4 1051.6 1096.4 1724.6 1788.7 1943.6 2012.1 2172.4
 163 199.3 708.8 1000 1370.1 1611 1675.6 1831 0 0
 178.3 335.8 350.4 1348.6 1394.9 1524.3 1589.4 2089.1 1686.8 2943.9
 70.90000000000001 118.8 122.6 552.5 703.3 1586.8 1650.6 1806.2 1874.8 2147.2
 70.3 135.6 139.8 835.7 945.7 1598.4 1662.8 1759.1 1826.5 1985.7
 95.8 205.5 210.7 278.1 324.1 1740 1804.8 1890.7 1958 2117.1
 74.59999999999999 171.5 176.2 645.6 855 1412.9 2136.6 2488.2 2556.9 2811.6
 133.8 179.9 191.2 422.8 549.5 1351.8 1628.6 2104.2 2172.6 0
 60.5 69.90000000000001 77.7 494 565 1257 1493.2 1647.6 2083.4 3770.3
 67.59999999999999 103.8 114.4 372.6 780.7 1268.6 1698.2 0 0 0
 40.1 40.1 88.3 153.4 276.6 1443 1504.8 1667.3 1734.7 3255.3
 61.9 73.59999999999999 162.5 566.2 603.7 1405.1 1467.9 1628.6 2056.1 0
 67.2 79.2 91.8 489.3 821.1 941.3 1420.9 2339.9 2406.9 2565.7
 40.1 40.1 40.1 185.8 210.6 852.2 1082.7 1698.9 2040.8 3024.3
 40.1 43.5 46.4 56.8 67.40000000000001 768.8 824.6 1612.8 1693.1 1875.3
 40.1 73.3 77.90000000000001 138.5 157.3 914 1469.4 1927 1994.2 2637.6
 83.40000000000001 91.8 97.3 181.4 360.7 826 881.8 1050.6 1642 1824
 65.90000000000001 73.59999999999999 91.3 140.4 425.9 843.9 900.5 1867.9 1935.3 2094.5
 57.4 64.3 68.90000000000001 221.9 246.1 771.9 828.8 2224.7 2304.8 2927.1
 49.8 56.4 60.5 76 605.5 828 1077 1666.8 1747.8 2974.1
 40.4 45.8 49.2 62.1 192 928.9 1176.1 1560.9 1641.9 3134.7
 56.2 63.7 107.1 130.8 576.5 949.8 1223.6 1389.9 2009.6 0
 40.1 88.09999999999999 94.2 147.7 169.5 843.6 901.2 1791.1 1871.7 2085.8
 64.7 72.7 127.4 187.8 361.5 943.7 1001.2 1755.4 1822.9 1982.1
 58.2 65.3 69.90000000000001 150.2 229 596.4 1449.6 1856.1 1935.7 2117.3
 40.1 40.1 59.8 76.09999999999999 222.1 783.8 840.3 2071.7 2150.3 2329.7
 46.6 62.3 66.7 83.40000000000001 217.4 706.2 836.7 1526.2 2156.7 2315.7
 40.1 53.6 57.4 71.8 84.09999999999999 994.2 1309.2 1726.5 1805.8 2783.4
 55 60.9 65.2 136.8 294.9 576.7 843.3 1688 2111.1 2293.9
 66.40000000000001 73.3 78.2 179.3 294.9 786.3 841.4 1854.9 1932.5 2112.9
 63.5 70.2 74.90000000000001 146.9 202.9 935.8 990.6 1458 1534.8 1713.1
 40.1 40.1 40.1 59.2 69.40000000000001 863 1158.8 2016.4 2303.3 2480.7
 40.1 74.7 79.59999999999999 161.8 297.8 769.4 1178.4 2002.7 2070 2908.9
 48.3 64 68.2 125.8 198.1 928.9 1143.8 1305.4 1993.8 2170.7
 47.8 63.8 68.09999999999999 83.5 169.1 996.4 1051.1 1212.8 1990 0
 40.1 84.59999999999999 90 155.4 261 903.4 1262.1 1903.2 1979.2 2681.7
 40.1 42.1 44.9 55.4 64.8 768.1 1126.6 1733.2 1808.5 1984.6
 62.4 69 73.5 89.3 120.7 749.3 1098 1255.9 1332.9 2299.6
 92.3 101.3 164.4 205.7 225.6 772.5 954.7 1728.5 1805.5 1979.8
 40.1 40.1 46.5 171.7 189.1 793.3 1163.5 1322.2 1776.6 0
 47.1 72.8 77 150.9 220.2 742.5 1381.4 1763.7 2120.2 2366.3
 40.1 40.1 40.1 131.5 146.8 519.4 617 2009.5 2076.6 2235.6
 40.1 41.8 102.7 216.4 408.3 920.4 973.7 1338 1643.3 1810.7
 64.3 71 75.09999999999999 234.3 304.9 503.2 1157.9 1633.8 1892.5 2060.1
 40.1 64.90000000000001 68.8 85 97.2 766.2 820 1550.1 1626 2656.3
 74.90000000000001 93.09999999999999 98.2 119.2 152.3 1059.1 1166.7 1973.7 2049.6 2483.8
 40.1 44.4 47.1 58.8 197 721 774.8 936.2 1011.7 0
 40.1 40.1 70 86.7 151.7 793.4 978.5 1318.1 1393.6 2972.6
 56.4 62.5 66.09999999999999 127.9 413 998.8 1052.7 1628.9 1704 1875.5
 40.1 44.5 47.1 73.90000000000001 84.3 897.4 1253.7 1824.4 1981.5 2140.6
 75.7 83.8 88.2 107.7 121 831 885 1236.3 1872.9 2044.1
 46.8 103.6 109 182.3 254.9 637 1429.1 1592.9 0 0
 66.7 74.3 78.3 196.1 214.7 830.6 1103 1267.1 1983.3 2154.1
 40.1 54.7 57.8 72 122.2 933.9 1181.3 1991.3 2064.1 2521.8
 40.1 40.1 71 120.4 136.1 838.5 1128.8 1616.6 1689.5 1858.1
 48.6 54.3 57.4 86.7 184.5 639.8 831.2 1311 1716.9 1885.4
 55.6 62.1 65.8 114.7 149.5 852.6 1309.9 1475.2 2423.4 2589.8
 40.1 43.8 58.6 73.40000000000001 104.9 796.3 915.7 1526.3 1597.1 2764.7
 78.40000000000001 87.5 92.40000000000001 130.4 147.2 665 1124.2 2078.3 2148.9 2314.8
 56.5 63.4 67.3 159.5 178 492.1 547 1608.1 1678.8 1844.7
 80 89.3 106.9 130 147.2 1121.2 1176.5 1340.1 1410.8 1576.9
 80.40000000000001 146.4 153.2 180.9 219.4 723.6 779 1683.3 1754 1920.1
 40.1 40.1 40.1 79.2 148.8 1068.2 1174.6 1336.5 1407.2 2513.6
 86.2 96.5 101.9 238.4 260 812.8 1271.4 1641.8 1712.6 2742.3
 40.1 45.9 48.7 62 114.5 1034.3 1218.6 1744.5 1815.3 1981
 40.1 40.1 40.1 67.3 78.59999999999999 852.7 908.4 1522.3 1593 0
 56.4 63 67 230.9 602.2 758.1 813.8 1604.9 1675.6 2550.9
 81.40000000000001 90.7 96.09999999999999 134.5 240.7 1083 1138.9 1298.9 1369.5 2151.2
 40.2 45.1 48 61.6 186.6 677.9 1461.1 1621.2 2342.7 0
 48.7 54.8 58.3 139.6 413.8 603.7 778.6 2031.9 2102.6 2721
 49.4 55.6 59.3 279.5 302.4 880.9 937.3 1818.9 1965 2644.1
 40.1 54.1 57.7 74 142.9 855.4 1375.4 1839.1 1911.2 2076.8
 40.1 40.1 40.1 78 112.3 1292.8 1655.1 2040 0 0
 40.1 54.2 70.40000000000001 89.90000000000001 160.1 776.8 1297.1 1827.1 1897.7 2063.1
 59.6 78.40000000000001 83.90000000000001 263.3 306.4 885.4 1180.9 1509.2 2388.1 2903.9
 50.2 56.9 61.1 112.4 187.3 772.9 829.8 2370.8 2809.9 2975.3
 56.3 63.9 68.7 105.3 121.5 903 1284.7 1438.2 2046.4 2268
 40.1 90.3 96.59999999999999 385.3 410.3 794.2 1159.6 2000.3 2294 2461.1
 40.1 40.1 86.7 203 439.5 944.3 1072.8 1916.5 1987 2154.1
 49.1 55.6 60.1 77 212.9 927.6 1063.8 2120.2 2187.4 2346.4
 75.2 84.90000000000001 91.5 253.5 439.8 727.1 1023.1 1983.4 2052.1 2219
 48.9 55.5 60.1 204.4 471.3 574.3 844.8 1737.1 2028.9 2195.7
 71.40000000000001 81 113 194.6 314.1 928.7 986 1141.3 2006.8 2171.8
 65.8 75 145.4 193.4 292.4 1030.9 1299.5 1650.5 1787 2349.6
 40.1 44.9 48.6 115.8 134.3 1205.9 1263.2 1784.9 2422.3 2586.8
 40.1 45.2 49 63.1 386.4 1016 1073.4 1228.7 0 0
 65 74 138.4 199 242.9 631 688.4 2074.6 2857.7 3016.1
 48.2 66.7 72.5 129.4 149.4 744.6 1418.8 1574.5 2035.9 2686.3
 46.8 53.7 58.4 142.7 186.3 1237.6 1295.2 1775.7 1844.3 2007
 85.40000000000001 97.3 155.1 250.8 396.1 997.2 1397 1708.8 2304.1 2466.9
 40.1 83.3 90.7 336.6 406.7 1010 1155.2 1858.7 1927.4 2090.3
 50.4 58.3 63.8 242.7 267.8 1030.6 1088.4 1244.8 1313.6 2695.4
 57.8 67.09999999999999 73.3 112.6 300.5 1028.2 1086.1 1242.7 1311.4 0
 40.1 61.5 67.3 214.9 511.4 1370.7 1428.7 1897.9 0 0
 40.1 60.6 66 141.4 594.1 745.4 1604.6 2089.1 2156.2 0
 40.1 46.9 51.3 66.5 279.3 654.7 1541.4 2050.6 0 0
