# Created by Octave 3.0.1, Wed Sep 09 23:07:44 2009 PDT <jwawerla@marvin2>
# name: prtA
# type: matrix
# rows: 100
# columns: 10
 319.3 672.5 798.9 1113 1163.6 1614.4 1679.7 1836.9 2493.9 2654.2
 261.6 775.2 838.1 1061.3 1117.3 2071.8 2137.7 2295.6 2364.5 3808.7
 408.3 565.1 827.7 999.6 1254.5 1629.8 1696.8 1855.7 1924.6 2948.6
 259.8 681.1 716.6 1534.7 1589.6 1735.9 1802.9 1961.7 2030.7 2191.3
 136.2 543 570.5 753.9 805.5 1682.7 1748.3 1906 1974.8 2135.3
 40.1 40.1 59.3 466.8 851.7 1218.9 1976.2 2341.8 2410.3 2543.5
 86.3 116.1 129.1 273.8 1113.9 1245.5 1309.6 1466.3 1535 3259.1
 59.3 109 115.8 573.6 639.1 1213.4 1275.1 1967.8 2036.2 2796.4
 40.1 77.40000000000001 83.2 168.7 197.1 1354.5 1415.4 1713.2 1780.7 1985.7
 91 105.2 112.7 157.9 235.2 1177 1238.4 2062.8 2397.9 2553.9
 42 49.4 53.6 127.5 468.9 1243.6 1305.3 2417.4 2485.9 2730.5
 51.9 74.40000000000001 80.59999999999999 158.7 531.5 826 1350.6 1900.8 1969.2 2207.9
 127.8 142.5 178.9 214.5 420.6 1209.4 1365.3 2069.6 2137.9 2479
 61.3 93.8 100.5 161.7 409.3 882 942.1 1833.7 1902.1 2134.2
 88.40000000000001 100.8 168.9 363.4 398.3 884 944.3 1623.8 1692.2 1924.5
 40.1 46.8 51 67.40000000000001 131.2 1203 1262.8 1790.6 1858.9 2050.5
 59.5 65.59999999999999 71.09999999999999 287.6 361 872.7 1432.9 1999.8 2067 2226.1
 68.3 75.8 81.5 300.8 332.8 1150.2 1408.8 1865.2 1933.3 2128.3
 40.1 43.4 46.7 59.1 72.40000000000001 634.4 691.6 1684.6 2106.2 2300.5
 40.1 40.1 40.1 77.5 150 1122 1178.1 1343.8 1411.5 2542
 58.3 64.2 68.90000000000001 133.2 336.1 951 1007.4 1696.3 1764.1 1953.9
 40.1 86 91.8 159.8 269.8 1167.4 1444.4 1923.8 1991.5 2647.1
 65.59999999999999 72.40000000000001 77.5 164.9 282.1 958.5 1282.3 1641.4 1709.1 2300.3
 49 65.3 70.09999999999999 86.3 176.5 1011 1067.1 1230.7 1999.4 2594.3
 67.8 74.8 80.3 210.1 235.4 740.1 1068.2 1965.5 2275.3 2773.8
 64.09999999999999 70.8 76.3 111.8 132 775.1 1126.7 1291.5 2151.6 2338.5
 50.6 56 60.6 278.7 307.2 887.5 944.3 1832.5 1900.3 2615.8
 49.7 55.1 59.6 139.1 419.3 611.5 787.2 2046.5 2109.3 2688.7
 46.8 51.8 56.1 133.4 177.4 1220.8 1276.9 1763.6 1826.9 2008.6
 48.6 65.09999999999999 70.40000000000001 86.8 143 730.3 786.3 1564.6 2020.8 2689.9
 64.59999999999999 72.09999999999999 103.4 123.9 282.5 827.4 1249.3 1778.6 1731.8 1891.1
 47.5 74.09999999999999 78.90000000000001 155.8 233.1 764.2 1405.8 2072.9 2141.3 2325.9
 40.1 44.6 47.7 60.1 189.9 922.8 1168.7 1551.3 1619.7 3115.2
 40.1 40.1 40.1 183.9 209.3 847 1076.1 1683.1 2006.8 2984.3
 63.8 70.8 74.90000000000001 146.4 352.6 928.6 984.1 1755.4 1822.9 1982.1
 40.1 40.1 82.8 100.6 342.9 926.4 1034 1831.4 1899.5 2137.5
 57 63.3 67.09999999999999 128.4 421.9 1012.3 1067.8 1644.8 1713 1908.4
 81.59999999999999 90.3 95.40000000000001 130.4 240.6 1081.7 1137.7 1301.2 1369.4 2181.9
 40.1 65.90000000000001 69.7 161.1 184 844.8 1085.1 2151 2414.8 2607.4
 40.1 88 92.8 183.5 401 778.8 1142.5 1993 2284.3 2476.7
 47.2 104.3 109.9 183.1 262.7 939 1442.5 1603.5 2495.9 3074.2
 83.59999999999999 92.3 96.5 169.8 316 792.3 1021.6 1679 2273.9 2462.6
 40.1 86.7 91.3 177 217.4 304.5 750.5 1806.5 1874.5 2063.6
 57.6 63.9 67.5 125.2 219.2 578.1 632.7 1826.5 1894.5 2083.4
 40.1 54.7 57.8 71 124.6 939 1259.3 1992.2 2060.2 2538.4
 56.6 62.8 66.40000000000001 81.40000000000001 177.6 491.4 546 1603.7 1671.7 1860.4
 40.1 43.4 57.9 71.3 104.5 794.7 913.6 1517.2 1683.1 2828.8
 92.7 101.5 163.8 205.7 229.5 779.3 962.1 1736.3 1806.8 1994.4
 40.1 43.2 45.7 56.7 67.7 767.6 822.1 1604.8 1672.7 1859.2
 40.1 40.1 59.8 74 216.7 889.1 1386.7 1857.3 2857.7 3016.1
 40.1 42.6 45 56.1 67.2 823.7 1135.1 1740.5 1889.9 2049
 67.90000000000001 74.7 78.90000000000001 197.2 221.2 889.4 1113.3 1272.1 1981.2 2167.6
 65.7 72.5 76.7 151.4 211 946.9 1306.7 1465.6 1531.3 1714.1
 40.1 67.3 71.40000000000001 88.59999999999999 437.1 939.3 994.5 1332.1 1397.8 2920.2
 40.1 40.1 40.1 66.40000000000001 122.7 854.6 910 1522.1 1587.8 2044.1
 56.8 62.9 66.8 100.5 118.8 894.6 1274.8 1434.7 2038 2268
 47.8 64 68 177.3 223.3 712.1 842 1516.7 2077.6 2262
 65.59999999999999 72.7 134.4 191.2 236.4 617.1 672.6 2060.9 2126.5 2964.9
 59.5 65.8 70.09999999999999 131.3 208.9 946.1 1162.1 2007.2 2074.4 2233.4
 68.3 75.59999999999999 80.40000000000001 278.8 327.9 801.3 1045.4 1867.7 1933.5 2116.3
 79.2 87.8 93.2 132.4 153.9 889.1 1415.4 2089.7 2155.5 2335.5
 40.1 44.2 47.2 75.5 149 718.8 847.5 1853.9 2130.5 2167.2
 40.1 40.1 40.1 41.9 50.8 1045.1 1578.2 2056.2 2121.9 2349.6
 59.8 77.5 82.90000000000001 161.7 304 880.7 1175.2 1511.1 2385.3 2917.2
 40.1 40.1 40.1 94.59999999999999 111.6 911.2 1416.2 1578.3 1644.2 3255.3
 40.1 66.2 70.90000000000001 88.2 545.5 784.2 839.9 1571.7 1637.5 2683.8
 50.1 56 60.2 107.9 183.3 765.4 821.2 2807.9 2874.4 3032.8
 56.8 63.4 68.2 133.1 195.2 1110.3 1236.1 1574.4 1640.3 3730.7
 48.6 54.3 58.5 134.6 465.4 564.3 620.2 1734.8 2023.8 2207.3
 76.09999999999999 84.90000000000001 91.09999999999999 112.6 131.3 853 1096.9 1890.1 1957.4 2116.4
 40.1 54.2 58.5 73.59999999999999 190.2 1220.7 1387.9 1553.6 1619.5 2906.7
 57.1 64.09999999999999 69.09999999999999 223.3 248 773 829.2 2225.7 2291.7 2915.4
 40.1 74.5 80.3 145.8 167.2 1090.4 1487.3 1863.8 1929.8 2604
 55.3 62.3 67.09999999999999 159.7 182 856.7 913.1 1516.4 1582.4 2081.9
 40.1 45 48.5 180.8 269.5 1138.1 1194.5 1807.5 1875 2676
 84.90000000000001 94.40000000000001 126 151.6 270.6 933.5 1168.3 1645.6 1711.7 1937.2
 40.1 45.5 61.9 77.7 171.1 1222.5 1279 1854.4 1981.5 2140.6
 40.1 46.3 49.9 125.3 164.8 1043.6 1100.3 1773.3 1841 2017.3
 56.5 63.2 67.8 230.7 605.7 763.5 820 1615.2 1749.6 2550.9
 40.1 40.1 61.4 77.40000000000001 338.1 788.5 845.2 2066.9 2136.7 2312.9
 40.5 45.4 48.8 61.9 190.8 685.1 1469.2 1633.6 2354.3 1803.5
 49.5 55.3 59.5 107.9 255.6 1011.6 1068.3 1319.6 1387.4 2739.5
 56.9 63.8 68.5 194.6 329.6 807.8 864.7 1707.4 2121.8 2298.3
 40.1 44.3 47.7 60.8 73.09999999999999 1009.2 1066.1 1229.9 1822.9 1982.1
 40.1 45.5 48.8 185.4 253.1 745 801.8 964.8 1034.4 2140.6
 40.1 40.1 48.4 139.4 160.8 593.6 650.3 1946.5 2016.1 2235.6
 48.9 55.1 71.8 90.59999999999999 195.5 797.6 854.6 1332.8 1735.5 1910.3
 56.2 63.4 67.90000000000001 102.9 120.9 1008.3 1065.4 1228.2 1295.9 2349.6
 40.1 56.3 60.3 76.3 135.1 1140.9 1330 1743.3 1811 2783.4
 86.40000000000001 97.2 103.4 240.3 266 824.3 1284.4 1655.6 1723.3 1894.4
 40.1 40.1 61.7 78.40000000000001 115.2 1300 1663 2054.4 2037.1 2197.2
 40.1 40.1 86 200.4 439.4 945.2 1074 1929 2048.1 2207.2
 63.7 72.5 77.5 176.7 480.1 878 935.4 2065 2353.7 2520.8
 75.7 85.90000000000001 91.59999999999999 253.1 442 730.6 1027 1994.1 2060.2 2227.2
 50.4 57.5 61.7 78.90000000000001 613 1029.9 1087.6 1673.6 1739.6 2949.9
 72 81.8 113 194.8 317 933.5 991.4 1154.1 2017 2182.1
 57.1 64.40000000000001 69.2 141.9 207.1 882.9 1343.2 2381.1 2447.1 3033.8
 67.3 75.7 120.2 148.5 440.2 865.6 1509.5 1821.2 1885.2 2050.3
 49.6 56.1 60.3 129.9 151.6 1106.8 1394.6 1907.9 1975.1 2134.2
 40.2 79.2 84.7 174.7 339.3 1157.9 1215.9 1948.8 2013.1 2865.7
