# Created by Octave 3.0.1, Sat Sep 05 12:44:35 2009 PDT <jwawerla@walle.autolab>
# name: prt
# type: matrix
# rows: 100
# columns: 10
 142.1 174.6 375 441.7 712.7 833.4 894.7 1047.5 1738 1897.2
 73.3 99.09999999999999 92 150.3 666.9 950.5 1012.1 1165.3 1221.2 1380.8
 147.7 183.2 185 264.7 267 1023.2 1084.6 1611.4 1671.3 1830.9
 100.3 129.9 136.2 548.5 565 977.8 1039.1 1500.6 1562.7 1722.3
 151.4 252.7 264.6 643.3 666.8 777.4 839 0 0 0
 162.9 345.7 360.9 537.6 566.1 680.1 0 0 0 0
 40.1 40.1 40.1 40.1 40.1 40.1 1263.2 0 0 0
 40.1 40.1 40.1 40.1 40.1 40.1 40.1 1145.6 1213.4 1373
 40.1 40.1 40.1 40.1 40.1 40.1 40.1 40.1 40.1 40.1
 40.1 40.1 40.1 40.1 40.1 40.1 40.1 40.1 40.1 40.1
 40.1 40.1 40.1 40.1 40.1 40.1 40.1 40.1 40.1 40.1
 104.5 127.5 141.9 531 565.4 1054.5 1166.5 1305.6 1374.3 1534.7
 69 86.90000000000001 98.8 398.3 0 0 0 0 0 0
 125.4 152.2 169 232.1 604 928.7 989.6 0 0 0
 124.1 269.9 0 0 0 0 0 0 0 0
 149.7 0 355 0 0 0 0 0 0 0
 178 220 186.2 315.8 686.7 1006.3 1066.8 1218.8 1286.7 1446.3
 199.7 217.6 212.5 320.6 324.4 1188.8 1249 1400.9 1468.8 1628.5
 185.3 197 200 511.7 535.2 643.4 704.4 1201.1 1269.2 1428.9
 40.1 40.1 40.1 40.1 40.1 40.1 40.1 40.1 40.1 40.1
 105 118.9 123.3 199.2 225.2 334.4 1030 1181.7 0 0
 118.5 134.8 140.7 587.2 620.5 740 788.6 940.9 1009.5 1169.3
 209.9 229.9 239.1 579.5 614.8 736 786.9 939.6 1008 1167.9
 174.9 310.4 322.7 399.9 436.5 794.1 846.7 999.7 1068.1 1228.1
 40.1 40.1 40.1 40.1 40.1 40.1 40.1 40.1 40.1 40.1
 116.1 131.2 141.3 208.5 691.6 815.6 870.1 1023.8 1100.1 1260.3
 40.1 40.1 40.1 40.1 40.1 40.1 40.1 40.1 40.1 40.1
 150.1 169.5 181.9 257.4 774 899.7 955.4 0 0 0
 178.7 198.7 212.7 291.8 318 990.9 1047.3 0 0 0
 40.1 40.1 40.1 40.1 40.1 40.1 40.1 0 0 0
 61.7 132.9 145.5 218.7 244.7 1182.2 1239.2 1376.5 2111.6 2270.5
 40.1 40.1 40.1 40.1 40.1 40.1 40.1 40.1 40.1 40.1
 40.1 40.1 40.1 40.1 40.1 40.1 40.1 40.1 40.1 40.1
 115.1 257.6 274.4 552.3 787 907.7 965.7 1154.7 1210.9 1371
 40.1 40.1 40.1 40.1 40.1 40.1 40.1 40.1 40.1 40.1
 102.9 121.9 135.1 207.4 234.1 732.1 790.5 982.1 1041.7 1202
 67.5 81.90000000000001 92.40000000000001 557.1 588.9 943 1001.8 1176.9 1239.1 1399.3
 124 210.7 228 770.6 803.7 922 981.1 0 0 0
 40.1 40.1 40.1 40.1 40.1 40.1 40.1 1666.6 1734 1893.2
 64.7 209 226.7 411.6 445.2 0 0 0 0 0
 67.2 82.09999999999999 93.2 665.3 700.4 768.6 0 0 0 0
 121.9 412.9 433 670.8 706.7 776.2 839.9 992.8 1060.9 1220.6
 277.5 360.8 380.7 647.2 683.9 755.8 0 0 0 0
 40.1 40.1 40.1 40.1 40.1 40.1 961.3 1113.2 1181.1 1943.2
 40.1 40.1 40.1 40.1 40.1 40.1 40.1 40.1 40.1 40.1
 40.1 40.1 40.1 40.1 40.1 40.1 40.1 40.1 40.1 40.1
 222.9 247.9 267.4 338.5 375.5 739.2 830.4 1336.5 1405.1 0
 40.1 40.1 40.1 40.1 40.1 40.1 40.1 40.1 40.1 0
 40.1 40.1 40.1 40.1 40.1 40.1 40.1 40.1 40.1 0
 124.9 262.6 282.9 355.9 394 865 957 1110 1721.2 1797.1
 71.5 85.59999999999999 97.90000000000001 472.9 511.8 1283 0 0 0 0
 120.6 205.2 224.5 294.2 551.4 673.5 1086.3 1237.8 1305.6 1465.1
 122.2 208.7 228.1 715.9 754.7 874.1 899.9 0 0 0
 120.9 463.6 485.4 559.3 598.4 714.7 738.7 0 0 0
 122.5 246.7 336.6 504.9 0 0 0 0 0 0
 40.1 40.1 40.1 40.1 587.6 1217.3 1275.9 1426 1493.7 1653
 40.1 40.1 40.1 40.1 40.1 40.1 40.1 40.1 40.1 40.1
 108.3 124.7 140.3 200.4 472.9 574.5 1094.4 2093.2 2161.3 0
 40.1 40.1 40.1 40.1 40.1 40.1 40.1 40.1 40.1 1618.2
 121.8 242.2 262.6 440.8 512.2 1048 1104.1 1247.8 1316 1425.1
 172.7 193.1 212.3 281.3 807.1 913.5 1236.4 1382.7 1450.9 1570.5
 40.1 40.1 40.1 40.1 40.1 40.1 40.1 40.1 40.1 40.1
 171.7 192.3 283.7 483.3 534.7 648 705 0 0 0
 65.5 77.2 88.90000000000001 453.3 0 0 0 0 0 0
 68.7 81 93.2 694.5 691.7 811.9 873.2 1025.9 1093.9 1253.5
 65 140.4 157.6 219.1 240.8 366.3 1258.7 1411.1 1479.1 1638.8
 106.5 225.1 245.7 315.2 343.4 900.8 933.5 1086.6 1154.7 0
 293.6 317.5 339.5 577.4 594.4 712 753.1 906.5 974.7 1137.7
 148 167.5 260.2 330.5 350.3 949.6 995.6 1149.1 1217.3 1376
 137.7 156.7 252.5 322.8 671.9 783.2 832.1 985.9 1054.1 1214
 40.1 40.1 40.1 40.1 40.1 40.1 40.1 40.1 40.1 40.1
 40.1 40.1 40.1 40.1 40.1 40.1 40.1 40.1 40.1 40.1
 65 76.90000000000001 162.3 499.4 530 647.7 699.2 0 0 0
 67 79.3 91.5 139.8 166.8 271.2 1345.3 1469.6 1537.2 0
 40.1 40.1 40.1 40.1 40.1 40.1 40.1 40.1 40.1 0
 68.2 80.90000000000001 93.40000000000001 719.2 757.8 879.6 922.2 1569.8 1638 1757.6
 110.1 128.1 218.9 595.9 630 752.8 0 0 0 0
 163.2 185.1 204.7 518.1 689.1 813 828.1 981.5 1049.6 1209.3
 106.9 124.8 407.7 478.3 507 631 663.4 817.9 0 0
 67.8 267.7 288.6 481.6 509.6 634.3 673.7 828.7 912.8 1072.6
 67.09999999999999 79.40000000000001 91.40000000000001 137.7 160.9 1134.4 1171.1 1325.5 1394 1553.8
 255.4 279.8 301.1 370.8 526.8 0 0 0 0 0
 181.7 204 223.8 290.6 319.2 1107.5 1167 1318 1385.7 1545.2
 268.2 357.6 379.8 452 480.3 572.9 634.5 787.7 855.8 1587.2
 163.2 184.6 203.8 269.9 297.1 0 0 0 0 0
 63.8 75.7 87.5 364.2 734.2 843.3 904.4 1515 1582.6 0
 62.6 74.40000000000001 86.09999999999999 677.4 705.1 813 1129.6 1270.5 1338.4 0
 63.8 195.4 215.4 418.2 445.8 560.8 1090.7 1235.5 1303.4 1467.3
 148.3 169.1 188.1 392.9 420.7 860.3 910.7 1057.8 1125.8 0
 67.7 80.5 93 0 0 0 0 0 0 0
 147.1 168.1 187.1 279.2 326.4 1174.6 1233.4 1383.8 1451.5 0
 288.9 314.6 337.1 389.9 437.9 536.8 598.1 751.1 819.2 1612.3
 240.5 265.2 287 330 378.3 489.7 552.1 706.2 774.4 1801.9
 40.1 40.1 40.1 40.1 40.1 40.1 40.1 40.1 40.1 40.1
 120.8 140 157.7 216.2 633.6 753.8 817.7 973.4 1041.9 1191.1
 102.9 120.4 205.4 473.3 510.1 632.4 1287.5 0 0 0
 40.1 40.1 40.1 40.1 40.1 40.1 40.1 1350.3 1418 0
 104.5 122.3 214.9 284.9 322.5 717.5 0 0 0 0
 62.8 174.6 194.1 406.8 681.4 1004.6 1031.3 1183.5 1251.4 1919.1
 143.7 164.8 183.9 489.6 528 650.2 689.3 1540.4 1608.2 1762.2
# name: collected
# type: matrix
# rows: 100
# columns: 10
 2 2 5 5 7 7 7 7 9 9
 1 1 1 1 7 8 8 8 8 8
 3 3 3 3 3 7 7 8 8 8
 2 2 2 6 6 8 8 9 9 9
 3 4 4 7 7 7 7 0 0 0
 4 7 7 8 8 8 0 0 0 0
 0 0 0 0 0 0 9 0 0 0
 0 0 0 0 0 0 0 9 9 9
 0 0 0 0 0 0 0 0 0 0
 0 0 0 0 0 0 0 0 0 0
 0 0 0 0 0 0 0 0 0 0
 2 2 2 5 5 7 7 7 7 7
 1 1 1 4 0 0 0 0 0 0
 2 2 2 2 5 6 6 0 0 0
 2 4 0 0 0 0 0 0 0 0
 3 0 7 0 0 0 0 0 0 0
 3 3 3 3 8 9 9 9 9 9
 4 4 4 4 4 9 9 9 9 9
 4 4 4 8 8 8 8 9 9 9
 0 0 0 0 0 0 0 0 0 0
 2 2 2 2 2 2 8 8 0 0
 2 2 2 7 7 7 7 7 7 7
 4 4 4 7 7 7 7 7 7 7
 4 6 6 6 6 7 7 7 7 7
 0 0 0 0 0 0 0 0 0 0
 2 2 2 2 9 9 9 9 9 9
 0 0 0 0 0 0 0 0 0 0
 3 3 3 3 7 7 7 0 0 0
 4 4 4 4 4 8 8 0 0 0
 0 0 0 0 0 0 0 0 0 0
 1 2 2 2 2 7 7 7 9 9
 0 0 0 0 0 0 0 0 0 0
 0 0 0 0 0 0 0 0 0 0
 2 4 4 6 8 8 8 8 8 8
 0 0 0 0 0 0 0 0 0 0
 2 2 2 2 2 6 6 6 6 6
 1 1 1 7 7 9 9 9 9 9
 2 3 3 8 8 8 8 0 0 0
 0 0 0 0 0 0 0 9 9 9
 1 3 3 4 4 0 0 0 0 0
 1 1 1 9 9 9 0 0 0 0
 2 7 7 9 9 9 9 9 9 9
 6 7 7 9 9 9 0 0 0 0
 0 0 0 0 0 0 8 8 8 9
 0 0 0 0 0 0 0 0 0 0
 0 0 0 0 0 0 0 0 0 0
 5 5 5 5 5 7 7 8 8 0
 0 0 0 0 0 0 0 0 0 0
 0 0 0 0 0 0 0 0 0 0
 2 4 4 4 4 7 7 7 8 8
 1 1 1 4 4 9 0 0 0 0
 2 3 3 3 5 5 7 7 7 7
 2 3 3 8 8 8 8 0 0 0
 2 9 9 9 9 9 9 0 0 0
 2 4 5 6 0 0 0 0 0 0
 0 0 0 0 5 9 9 9 9 9
 0 0 0 0 0 0 0 0 0 0
 2 2 2 2 4 4 6 9 9 0
 0 0 0 0 0 0 0 0 0 9
 2 4 4 5 5 9 9 9 9 9
 3 3 3 3 8 8 9 9 9 9
 0 0 0 0 0 0 0 0 0 0
 4 4 5 6 6 6 6 0 0 0
 1 1 1 4 0 0 0 0 0 0
 1 1 1 8 8 8 8 8 8 8
 1 2 2 2 2 2 9 9 9 9
 2 4 4 4 4 8 8 8 8 0
 6 6 6 8 8 8 8 8 8 8
 3 3 4 4 4 9 9 9 9 9
 3 3 4 4 8 8 8 8 8 8
 0 0 0 0 0 0 0 0 0 0
 0 0 0 0 0 0 0 0 0 0
 1 1 2 6 6 6 6 0 0 0
 1 1 1 1 1 1 9 9 9 0
 0 0 0 0 0 0 0 0 0 0
 1 1 1 7 7 7 7 9 9 9
 2 2 3 8 8 8 0 0 0 0
 4 4 4 8 9 9 9 9 9 9
 2 2 6 6 6 6 6 6 0 0
 1 5 5 6 6 6 6 6 6 6
 1 1 1 1 1 9 9 9 9 9
 6 6 6 6 7 0 0 0 0 0
 4 4 4 4 4 8 8 8 8 8
 7 8 8 8 8 8 8 8 8 9
 4 4 4 4 4 0 0 0 0 0
 1 1 1 4 7 7 7 9 9 0
 1 1 1 7 7 7 8 8 8 0
 1 3 3 5 5 5 8 8 8 8
 3 3 3 5 5 8 8 8 8 0
 1 1 1 0 0 0 0 0 0 0
 3 3 3 3 3 8 8 8 8 0
 7 7 7 7 7 7 7 7 7 9
 6 6 6 6 6 6 6 6 6 9
 0 0 0 0 0 0 0 0 0 0
 2 2 2 2 7 7 7 7 7 7
 2 2 3 6 6 6 9 0 0 0
 0 0 0 0 0 0 0 7 7 0
 2 2 3 3 3 5 0 0 0 0
 1 3 3 5 7 8 8 8 8 9
 3 3 3 6 6 6 6 9 9 9
