# Created by Octave 3.0.1, Tue Sep 08 14:19:10 2009 PDT <jwawerla@daneel>
# name: prtA
# type: matrix
# rows: 100
# columns: 10
 270 329.9 560.9 637.9 685.7 1603.8 1665.8 2091.2 3719.7 3770.3
 435.1 569.7 623.3 920.1 1287.3 1426.7 2020.5 2177.2 2245.9 2268
 313.4 448.6 482.8 1430.5 1480.6 1621 1686.9 1844.8 2828.8 2989.2
 322.2 630.8 824.6 1116.8 1175 1868.7 1935.6 1890.1 1957.4 2116.4
 401.5 635.2 918 1715.4 1770.4 1916.8 1983.9 2627.2 2696.1 2856.7
 120.2 721.5 744.5 1128.3 1517.9 1757.6 1823.5 1978.2 2047 2941.7
 235.9 285.3 586.3 679 1327.4 2092.4 1385.4 2147.3 2857.7 3016.1
 77.2 218.8 241.9 443 483.4 1048.4 2149.1 2294.5 2798 2956.5
 75.09999999999999 75.3 118.5 460.6 571.5 800.4 1670.1 1758.7 1826.1 1985.3
 64.40000000000001 64.90000000000001 75.59999999999999 129.3 775.7 965.3 1525.3 1680.6 2748.2 3019.9
 77.8 82.8 204.1 247 280.7 1399 1910.1 2275 2615.1 2773.8
 64.90000000000001 69.3 152.4 191.9 564.9 924.5 1455.4 1974.4 2042 2244.4
 78.3 83.7 154 312.9 721.1 1426.8 1743.3 2226.1 2293.6 2366.3
 92.8 99.09999999999999 183.6 467.9 505.4 1171.3 1516.2 2379.4 2446.9 3070.5
 66.40000000000001 71.7 80.40000000000001 256 317.5 1081.8 1165.8 2033.7 0 0
 104.3 111.8 288.8 554.5 831.3 1223.3 1306.7 1664.1 1731.8 1891.1
 57.9 62.6 70.40000000000001 251.4 828.2 1074.6 1779.9 2158.4 2267.4 3148.1
 71.5 79 85.09999999999999 215.8 243.8 1095.1 1163.1 1968.2 2064.8 2225.8
 58.7 64.2 69.2 200.1 425.4 817.3 1369.5 1726 2160.1 2365.1
 40.9 67.2 72.59999999999999 93.2 555.3 798 861.1 1595 2162 2743.1
 57.9 63.4 107.4 134.4 582.7 1103.3 1235.3 1399.4 2025 0
 40.1 46.5 50.3 64.5 121.8 1050 1241.3 1823.9 1891.3 2050.5
 40.1 40.1 40.1 193.8 218.7 977.2 1099 1704.8 2044.1 3017.9
 60.7 66.90000000000001 72.2 141.4 347.1 966.9 1029.9 1715.1 1799.1 1989.2
 52.6 58 62.8 287.6 340.4 899 962 1848.3 1932.3 2651
 67.2 74 79.90000000000001 200.6 486.2 884.8 1039.7 2076.5 2382.8 2574.3
 51 55.6 60.2 172.9 196.9 1343.1 1405 1565.9 1654.7 2945.6
 85.7 92.59999999999999 112.9 138 249.8 1097.1 1158.5 1318.8 2021.9 2206.8
 72.3 89.5 96.3 207.4 233.1 329.7 783.6 1839.4 1926.3 2110.8
 73.5 79.59999999999999 85.90000000000001 264.8 357.3 1132.9 1193.7 2334.3 2419.5 2952
 90 97.5 104.7 240.2 266 822.3 1284.9 1715.4 1782.9 2742.3
 40.1 40.1 40.1 42.2 50.8 1046.5 1583.1 2060.2 2152.6 2333.5
 57.9 63.1 67.59999999999999 116.4 154 861.6 1322.1 1480.3 2444.3 3043.1
 60.7 66.09999999999999 70.90000000000001 130.7 205.7 942.2 1160.6 1318.8 2019.5 2196.6
 40.1 46.3 49.7 61.6 161.4 945.5 1094.4 1758.6 1846.3 2022.5
 40.1 45.4 98.3 179 201 1131.4 1189 1345.8 1811.3 1986.3
 40.1 40.1 40.1 93 108.5 903.5 960.6 1667.3 1734.7 3255.3
 40.1 44.2 47.2 73.40000000000001 143.5 708.4 838.3 1838.1 2199.5 2075.1
 47.5 51.7 54.9 130.1 149.1 519.5 1265 1741.4 1827.6 2054.4
 40.1 40.1 40.1 174 252.2 923.8 1051.8 1897.5 1983.6 2159.2
 50.4 54.9 70.90000000000001 86.59999999999999 187.3 780.9 837.4 1306.5 1725.5 1901
 71 77.40000000000001 82 166.1 325.9 779.8 1191 1646.5 1998.1 2861.7
 67.7 73.7 90.8 139.1 424.2 839.5 896.4 1788.2 1871.6 2048
 40.1 40.1 74.40000000000001 151.1 172.4 980.8 1366.2 1637.4 1717.6 0
 67.2 73.3 77.8 239.4 315.7 519.4 1377.8 1831.2 1910.9 2086.4
 40.6 55.7 59 73.09999999999999 126.9 1136.3 1265.4 1994.7 2073.3 2536.9
 50.6 55.4 58.6 104.8 249.5 843.1 1056.8 1213 1291.6 2681.5
 41.2 44.7 47.3 58.2 139.6 665.4 1448.1 1601.9 2329.3 0
 80.8 87.3 92 110.9 146.3 662.1 1121.8 2066.3 2142.9 2384.2
 48.3 104.4 109.7 182.1 259 642.9 1436.4 1590.1 1710.8 1937.2
 70.09999999999999 76.09999999999999 80.40000000000001 225.9 298.7 789.6 845.2 1848 1922.1 2623.3
 64.90000000000001 70.8 74.8 108 125.2 759.1 1109.8 1263.8 1338.1 2304.6
 58.3 63.7 67.5 99.59999999999999 116.1 994.3 1050.3 1204.7 1279.2 3032.8
 50.4 55.1 58.5 72 141.3 849.7 1369.5 1829.9 1904.6 2134.2
 50 54.8 58.1 131.6 460 555.9 612 1716.6 2014.1 2185.6
 72.7 79.40000000000001 83.90000000000001 129 203.9 854.7 961 1116.5 1989.6 2160.5
 59.5 65.2 69.09999999999999 212.8 300.9 788.8 1398.3 1920 1996.5 2167.7
 88.2 96.2 101.3 137.9 157.9 1069.9 1179.9 1982.7 2059.2 2494.3
 58.7 64.59999999999999 68.40000000000001 130.5 191.5 1103.5 1229.5 1559.9 1636.4 2880.1
 40.1 88 93 159.4 267.8 1162.9 1439.9 1911.1 1987.8 2621.6
 67.8 136.2 142.7 196.3 280.6 623.8 1222.3 1690.7 2089.2 2255.2
 52.2 57.8 61.3 107.6 183.7 765.9 822.7 979.8 2812.9 2978.9
 40.1 40.1 86.3 163.3 347.5 933.1 1042.2 1833.6 1910 2075.8
 40.1 45.7 48.5 59.6 71.59999999999999 1002.7 1059.7 1216.9 2285.9 2902.8
 86.90000000000001 95.8 101.2 249.4 368 835.2 892.2 1049.4 1718.4 1877.8
 41.5 46.2 49.2 60.5 189 921.8 1168.5 1541.3 1620 2410.1
 40.5 45.1 48 59.4 71.59999999999999 781.1 838.2 1615.3 1693.9 1859.5
 58.8 65.40000000000001 69.3 177.3 222.7 713.4 968.8 1512 2085.3 2252.6
 40.1 68.7 72.7 89 437.4 942.4 999.3 1327.8 1487.2 2972.6
 40.1 40.1 40.1 66.59999999999999 122.7 857.2 914.3 1517 1598 1940.8
 66.5 74.09999999999999 78.59999999999999 167 285 963 1288 1438.8 1715.7 2349.6
 58.6 65.5 69.5 133.1 428.6 1023.4 1080.8 1646 1727.6 1892.8
 65.5 73.09999999999999 126.8 184.5 358.1 938.2 995.7 1677 1759.8 1924.8
 94.7 105 169 213.2 260.9 796.5 982.6 1749.5 1832.6 1997.8
 40.1 40.1 49.3 139.8 161.6 594.2 651.9 1934.2 2017 2182.1
 40.1 40.1 62.2 77.7 362.9 791.4 849.2 2055.9 2138.7 2301.1
 48.9 66.5 70.7 88 144.2 734.7 792.7 1558.5 2579.4 2738.1
 57.6 64.8 69 232.9 609.3 769.5 1105.5 1606 1690.7 2501.4
 85.8 96.2 151.1 241.7 388 985.9 1384.5 1689.2 2300.6 2462.9
 40.2 45.6 48.7 114.3 134.4 1205.5 1262.1 1778 2430.3 2592.8
 59.4 66.90000000000001 71.8 152.5 234 603.8 1456.3 1843.6 1928.6 2088.7
 66.90000000000001 75.59999999999999 81.09999999999999 158.8 220.7 966.1 1327.6 1477.3 1562 1724.1
 40.1 47.2 64.09999999999999 80.2 176.3 1232.9 1289.6 1848.1 1932.8 2094.9
 51.2 58 62.6 78.3 612.3 1028.7 1085.4 1658.7 1741.5 2946.7
 40.1 40.1 40.1 82.59999999999999 330.1 1138.6 1195.4 1345 1427.2 2529.5
 65.40000000000001 74.09999999999999 105.7 128.8 288.6 838.1 1260.6 1778.1 1787.5 1946.8
 40.1 69.40000000000001 74.7 171.5 196.1 867.9 1109.8 2361.2 2441.9 2603.8
 83.3 151.3 160.2 207.2 233.5 747.6 1547 1698.7 1779.7 1941.7
 40.1 40.1 64.59999999999999 81.59999999999999 120.7 1310.6 1673.5 2053.7 1645.3 1877.8
 40.1 40.1 40.1 68.3 128.2 1144.7 1202 2049.9 2384.6 2543.5
 50.7 58 62.8 146.3 429.1 625.8 1222.8 2048.7 2125.8 2682.2
 40.1 61.2 66.3 138.1 509.5 1083.9 1424.7 1889.2 2125.7 2301.2
 41.3 59.3 64.2 81.59999999999999 615.1 1158.4 1347.8 1750.2 1825.6 2300.1
 82.90000000000001 93.90000000000001 114.7 140.1 246 1153.2 1210.9 1364.9 1492.7 1652.1
 40.1 48.3 52.4 195.5 266.9 765.1 822.9 976.9 1051.9 2197.8
 88.2 125.1 133.7 162 286.4 958.7 1195 1660.1 1735.3 1937.2
 77.8 88.59999999999999 160.1 259.5 451.4 743.9 1040.7 2000 2073 2232.8
 40.1 92.2 99.3 156.2 399 864.2 922.3 1800.4 1873.6 2033.3
 50.6 70.40000000000001 76.2 150.5 517.4 804.6 1326.4 1854.5 1927.7 2087.5
 40.1 73.59999999999999 79.59999999999999 136.3 326.1 1121.4 1502.5 1655.2 1728.3 2480.5
