# Created by Octave 3.0.1, Wed Sep 09 13:48:43 2009 PDT <jwawerla@marvin2>
# name: prt
# type: matrix
# rows: 100
# columns: 10
 251.4 262.1 271.6 485.8 1400.7 2481.4 2507.1 4096.9 4129.6 4208.4
 56.1 215.7 293 1148.9 1154.4 2493 3480.4 3602.4 3969.5 4048.3
 214 399.7 593.4 680.3 689.6 1901.4 2511.3 3473.4 3949.5 4028.3
 169.6 254.2 260.9 285.8 957.8 2893.1 2915.5 3434.7 3466.9 3545.8
 123.2 128.9 652 707 715.9 2395.8 3074.3 3385.8 3418.1 3497
 110 269 272.4 298.6 729.2 2142 3231 3297.8 3668.4 3747.3
 263.6 270.8 274.6 726.7 781.7 2843 2864.9 3825.6 3857.9 4167.1
 40.1 93.40000000000001 96.8 391 1288.1 2690.5 3404.2 3518.2 3550.7 3629.5
 183.9 282.1 286.5 312.1 1228.8 2654.1 3064.5 3418.5 3963.9 4042.8
 119.4 146.5 150.9 1344.8 1351.2 2292.8 2315.1 3779.6 3982.5 4312.3
 95.8 266.9 271.9 332.2 339.2 2465.3 2678.8 3621.2 3653.6 3732.5
 249.7 257.1 262.3 919.8 1217.9 2761.1 3039.4 3756.4 3788.8 3867.7
 104.1 110.8 115.6 368 376.2 1931.9 3193.1 3777.5 3810 3888.8
 98.3 105 208.3 349.9 1304.2 2973.6 3397.2 3889.7 4048.6 4127.4
 61.9 67.40000000000001 71.3 841.7 849.3 2737.4 3295 3460.2 3492.7 4459.7
 40.1 40.1 263 336.5 344.4 1993.5 3509.3 3729.3 3761.9 3145.6
 68.09999999999999 119.6 372.3 1025.4 1125.4 2726 3570 3637 3983.1 4060.8
 54.1 223.4 239.5 377.5 386.3 2874.7 3243.5 3677.4 3710 4423.2
 247 256.2 261.5 719.6 1832.6 2545.8 2567.5 2634.8 3751.6 3829.6
 227.3 288.3 293.9 1165.7 1174.2 2079.6 2101.6 3448.9 3867.1 4262.4
 58.3 64.3 305.6 1421.7 1826.5 2568.6 2644.8 3059.9 3563.6 3360.9
 264 273.4 278.6 755.7 795.4 2430.3 3520.8 3629.5 3661.7 4146.8
 95.90000000000001 257 358.7 376.5 489.9 2585 2607.1 4123.2 4155.4 4414.9
 40.1 40.1 40.1 42.3 1024.2 1959.1 2712.6 3786.9 3915.7 4126.2
 40.1 40.1 297.1 315.6 389.8 2349.5 3084.1 3150.9 3788.2 4416.5
 101.5 277.9 282.8 301.6 1455 2432.4 2489.6 3362.5 3394.7 3473.3
 151.2 343.8 348.9 1033.3 1041.1 2467 2489.1 2556 3847.3 3926.1
 97 227.4 232.5 927.1 2076 2583.8 2606.1 3555.5 3587.4 4201.3
 99.09999999999999 297.3 302.6 1677.6 1685.2 2123 2856.1 3909.7 3941.7 4020.2
 153.7 162.4 167.5 440.1 447.8 1064.4 3219.3 3638.9 3903.3 4555.5
 40.1 40.1 40.1 648.1 1504 2837 3140.3 3400.5 3432.5 4128.7
 207.1 310.6 316.1 333 1427.6 2653.7 3451.9 3608.5 3640.5 4373.4
 40.1 43.2 1026.5 1212.1 1219.5 1867.7 2810.7 3317.7 4118.3 4383.4
 79.5 298.2 302.4 320 799.6 2610.7 3411.1 3478.1 3697 3775.3
 110.7 118.5 122.3 1527.6 1934.4 2318 2339.6 3591.5 4424 4773.7
 127 135.2 139.2 1279.5 1542.6 2281.5 2370.9 3606.7 4095.1 4173.4
 74.3 81.09999999999999 221.8 591.3 1068.2 2983.6 3005.3 3666.8 4060.9 4356.7
 95.09999999999999 178.5 182.6 641.9 984.6 1013.9 2617 3228.3 4232.2 4310.5
 127 135.4 331.2 560.5 821.2 2681.9 2890.4 3795.8 4525.8 4604.1
 261.6 270.9 275.3 716.7 724.6 2127.4 2149 3578.2 3610 3940.8
 218.7 282.9 287.4 303.8 1375.2 1863.5 3160 3387 3418.9 4089.2
 40.1 338.2 342.9 891.2 898.8 2403.9 2908.2 3726.3 3758.1 4207.4
 243.6 413.7 418.6 844.6 1350.9 2595.9 2920.2 3496.7 3528.6 3606.9
 61.9 393.3 409.7 823 988.6 2809 2830.6 3071.4 3737.4 4228.4
 54.8 297.6 302.6 319.2 1092.2 1741 3281.1 3666.2 3698.1 4892.4
 324.1 362.1 367.1 666.9 674.6 2692.7 2714.1 4065.6 4097.5 4175.8
 216.3 224.7 229.8 414.9 422.7 2940.5 3333.9 3902.8 4090.1 4355
 279.6 288.2 293.5 464.9 1173.9 1203 2985.5 4058 4090 4474.5
 76.09999999999999 111 115.7 382.3 390 3119.1 3140.3 3678 3709.9 3847.6
 114.7 132.3 411.4 1313 1408.9 2645.7 2701.4 3285.2 3317.2 4058.9
 40.1 44 46.5 1184.3 1937.1 2536 2557.4 3274.5 3306.5 3986.7
 202.4 229.5 246.1 367.7 375.7 2882.2 2903.6 4089.6 4121.6 4200.3
 40.1 40.1 40.1 73.5 1404 2182.1 2653.8 3656.6 3688.6 4577.3
 176.6 195.9 213.1 1067.4 1075.1 2493.2 3328 3518 3550.1 3702.5
 92.09999999999999 288.4 293.7 310.1 777.4 2950.1 2971.6 3240.3 3821 4064.7
 55.2 514 576.1 592.8 616.8 2290.3 2311.9 3230.3 3660.3 3875.5
 40.1 232.6 237.8 254.6 262.4 3160.8 3182.4 4034.2 4066.2 4261.2
 252.4 261 266.4 283.4 321.7 350.2 3275.8 3569.5 3601.5 4144.4
 88.90000000000001 96 281.2 813.2 821.3 2699.9 2930.2 3501.5 3533.6 4024.4
 252.6 261.3 266.6 1095.7 1544.5 2749.1 2770.3 2836.9 3530 3609.1
 228.9 297 302.4 319.4 327.6 2233.9 3356.4 3928.2 4257.7 4336.5
 173.2 238.8 244.1 261.1 269.4 2383.3 2851.4 4217.3 4249.3 4328
 40.1 41.7 44.3 267.6 1014.8 2679.2 2923.1 3078.4 3110.4 3808.2
 83.59999999999999 90.59999999999999 95.09999999999999 1253.5 1261.8 3023.2 3044.5 3355.9 3387.9 3466.8
 99.5 281.6 287.1 303.9 386.5 3154.8 3176.1 3876.8 4088.8 4354.8
 257.7 266.6 272.2 328.2 336.7 2512.4 2905 3910.3 3942.4 4021.1
 210.8 393.9 399.6 1002.7 1695.4 2485.1 2506.6 3068.2 3100.3 3657.5
 639.8 709.7 806.2 1371.3 1554.1 2316.9 3086.2 3152.9 3478.7 4154.8
 282.4 291.1 296.9 796.2 838.7 2650 3042.9 3822.5 3854.6 4154.7
 47.3 307.5 313.3 330.5 1238 2281.6 2997.2 3185.6 3564 3997.5
 285.9 294.5 300.4 317.8 357.6 2588.9 2645.6 3524.8 3700.7 3779.1
 178.9 281.7 287.6 687.1 695.7 3127.7 3149.2 3882.3 3914.4 3992.9
 190.3 245.1 251 1449.8 1629.4 2295.8 2653.3 3666.7 3698.8 4327
 86.40000000000001 281.1 474 491.3 500.2 567.9 3190.9 3417.1 3449.2 3527.7
 276.8 285.6 291.4 342.2 351.1 2532 3339.7 3406.5 3438.6 4101.5
 94.09999999999999 282.5 789.5 865.4 874.4 2134 2155.2 3798.5 3830.7 3909.1
 53.4 139.6 299.7 317.3 1203.4 2068.2 3116.3 3486.7 3518.8 3903.1
 47 318.4 324.1 341.9 350.8 2560.9 3350.9 3506.1 3538.3 3515.7
 94.09999999999999 297 753.6 1053.3 1062.2 2360 2381.1 3769 3801.1 3879.3
 235.1 243.6 249.2 460.3 469.4 2526.8 3137.1 3353.4 3486.6 3565.6
 201.3 219.8 225.4 376.8 1449 3057.7 3418.2 3873.2 3905.4 4382.6
 76.09999999999999 224.4 495.7 513.9 1926.5 2736.9 3119.9 3186.6 3218.8 3298
 102.2 109.7 126.3 792.5 801.2 1813.1 2940.1 3052.1 3981.7 4060.5
 257.5 266.2 271.8 655.5 664.2 1926.1 3054.7 3304.9 3337.1 3416
 40.1 60.4 64.09999999999999 1331.8 1596.3 2700.9 2754.2 3327.1 3359.2 4290.9
 252.1 260.9 277.6 1187.2 2241.7 2771.7 2792.9 3353.3 3385.4 4269.9
 40.1 323.3 329 907 1395.6 3027.5 3243.1 3310 3342.1 3851.4
 132.5 307.8 313.5 330.9 1202.9 2337.6 3095.2 3162.1 3194.3 3274.8
 265.1 273.7 279.4 364.8 1308.7 2318.1 2533.2 3498.8 3848.7 4427
 218.3 333.4 339.2 969.2 1198.4 2472.4 2782 3597.1 3629.2 3842.2
 100 107.3 311.8 732.4 1203.6 2877.5 2995.2 3672.3 3704.4 3783.1
 280.7 289.4 295.1 1285.5 1294 2772.2 2889.5 3471.9 3601.7 4289.5
 117.1 124.9 130.1 444.4 1435.2 2802.2 3538.9 3707.7 4057.8 4312.3
 236.4 245.1 250.8 1039.3 1047.6 2733 2789.5 3385.7 3417.9 4473.6
 40.1 40.1 47.5 1445.5 1454 2754.4 2861.2 2983.3 3379.2 3665.2
 62.6 88.8 317.4 334.4 342.9 2840.8 3012.4 3766.8 3799 3877.2
 95.8 231.8 237.5 1205.4 1214 1479.7 1905.2 3016.1 4275.9 4354.1
 43.8 58.1 61.7 73.2 79.59999999999999 3108.5 3549.5 3672.3 3998 4076.2
 40.1 40.1 45.9 460.6 741.6 2935.4 3454.5 3729.9 3762 4273.4
 40.1 714.5 720.3 1568.6 1577.4 2534.8 2556.4 2764.6 2963.6 3041.9
