# Created by Octave 3.0.1, Sat Sep 05 13:50:56 2009 PDT <jwawerla@marvin2>
# name: prt
# type: matrix
# rows: 200
# columns: 10
 257.1 327.5 345.3 1264.4 1315.5 1474 1721.1 2110.3 2177.5 0
 40.1 628 684.8 845.7 1107.5 1289.4 1759 2504.6 2571.6 2729
 242.1 249.1 261.5 705.5 902.8 1057.2 1111.2 2453.4 2520.4 3562.6
 272.3 369.6 597.1 677.1 1210.5 1428.1 1483.3 1760.5 2597.6 3254.3
 358.5 371 429.2 730.2 804.3 1747.3 1802.7 2202.5 2684.5 2863.5
 104.3 301.9 313.3 1035.3 1194.5 1728 1783.5 1923.7 1988.5 3254.9
 283.6 482.2 494.3 786.2 1116.5 1494.3 1550.2 2000.4 2065.6 0
 49 53.6 58.3 1124 1295.5 1720.3 1776.2 2254.8 2320.3 0
 128.9 209.7 221.5 1001.1 1329.7 1547.8 1865.2 2131.5 3085.4 3240.3
 80.40000000000001 88 326 689.8 1186.5 1852.8 2047 2189.4 2254.7 2824.7
 135.3 309.9 389 703.3 1009.2 1592.8 1648.4 2675.4 2740.8 2928.2
 127.4 261.3 273.8 1008.3 1058.9 1616.4 1672.1 0 0 0
 208.6 481 523.2 613.3 1144.5 1799.9 1855.6 1999.1 2066.3 3225.3
 40.1 42.2 46.1 80.3 1192.3 1419.9 1695.9 1939.9 3122.2 3304
 118.6 296.5 542.3 767.3 1018.3 1215.3 1271.1 2324.1 2389.3 2569.4
 108.1 117.5 361.5 449.2 1327 1856.8 1912.6 2269.1 2334.5 2513
 117.3 127.4 497.6 999.2 1020.3 1266.2 1539.2 2952.7 3018.1 4424.4
 117.6 155.8 164.9 1026.9 1048.3 1986.3 2711.8 2858.7 2924.2 3772.5
 189.6 202.8 448.4 890.4 912.4 1794 1849.1 2714.5 2780.1 0
 150.1 593.5 729.1 921.3 1011.2 1672.4 1727.6 1874.2 1939.9 0
 140.3 151.4 264.3 1056.5 1129.4 1228 2163.4 2737.8 2803.5 2954
 145.4 157 165.8 614.1 1108.5 1250.1 1967.6 2672.1 2737.9 2921.1
 126.3 189.1 245 924.9 948 1934 2331.6 2477.5 2543.4 2725.3
 119.8 260.2 380.6 649.1 1176.7 1695.2 2104.1 2400.2 2792.3 0
 194.4 287.3 382.7 1115.7 1138.8 1405 1878.2 2973.7 3039.5 3192.6
 51.1 288 299 940.7 964 1731.3 1785.2 2868.4 2934.3 3420.9
 148.3 240.7 308.1 736.4 760 1636.2 1690.2 2795.6 2861.5 3044.2
 230.3 333.6 345.1 1016.2 1040.2 1966.3 2020.3 2410.3 2788.2 3531
 194.4 208.2 378.9 1299 1323.2 1420.5 1789 1933.6 1999.5 2833.1
 109.6 398.7 410.4 1129.7 1203.3 1785.5 1839.6 1984.4 2050.4 2230
 266.6 281.4 292.7 438.3 1038.3 2112.4 2166.5 2632 2698.1 3206.8
 40.1 41.1 599.8 653.6 1186 1790.9 1845.1 2746.1 2812.2 2990.2
 277.5 368.7 379.6 480.9 1150.1 1798 2018.4 2333.7 2630.7 2808.1
 209 312.7 323.5 860.9 884.7 1813.1 1867.3 2631.9 2698 2874.8
 204 218.2 228.3 708.6 732.6 1674.3 1728.6 2823.6 3474 3650.2
 92.09999999999999 256.4 267.1 418.1 442.1 1696.8 2020.8 2164.8 2964.8 3140.4
 40.1 323.5 378.8 586.2 1136.7 1852.9 2218.9 0 0 0
 328.3 357.7 415.1 529.9 1284.9 1817 1871.2 2710.6 2777.3 2935.8
 85 93.8 354.6 1034.6 1058.7 1696.7 1750.9 2873.2 2939.2 3113.8
 223.7 238.3 248.9 650.6 1188.2 1692 2415.5 2561.8 2627.8 0
 150.3 163 375.2 741.9 1083.7 1328.4 1382.5 2925.8 2991.8 3142
 124.2 334.2 394.1 987.9 1487.4 1722.1 2170.8 2526.7 2592.8 2769.1
 176.1 231.5 398.3 861.9 1060.6 1541.6 1595.7 2540.8 2606.8 2782.7
 221.7 236.4 278.5 374.6 948.7 1044.2 1098.4 2779.4 2845.5 3020.9
 222.3 417.3 576.4 614.5 638.4 1717.4 1966.1 2110.7 2176.8 3005.1
 115.1 126.2 134.4 710 1140.8 1361 1415.3 2974.5 3040.6 3215.1
 133.6 368.9 380.4 519.9 830.3 1399.6 1454 2822.3 2888.4 3062.5
 235.7 250.8 261.7 987.3 1380.7 1891.6 1946 2356.8 2423 2902
 83.90000000000001 208.1 218.5 729.4 1014.6 1674.5 2030.7 2174.5 2240.7 3014.6
 125 242 252.9 1022.5 1071.7 1956.5 2010.9 2610.3 2676.5 2849.3
 237.5 446.1 458.1 992.7 1016.9 1522.9 1577.3 2335.3 2972.9 3145.4
 193 236.2 247.3 1075.1 1099.3 1747.6 1802.1 2361.2 2427.4 3365.9
 191.2 205.4 388.7 983.9 1008.3 1909.1 2082 2463.1 2731.7 3564.9
 97.40000000000001 107.5 115.3 1050.5 1075 1169.8 1696.7 2274.8 2340.9 3235.5
 128.9 170.7 180.7 961.4 1297 1439.8 2004.3 2148.1 2214.3 3290
 267.5 283.3 501 879.4 1337.6 1821.5 2279.6 2423.4 2489.6 2660.3
 284.3 356.1 368.2 1103.3 1313.2 1685.6 2219.6 2524.8 2591 2761.6
 126.7 310.3 322.2 896.3 920.8 1248.8 1302.8 3279.6 3799.9 3970.2
 70.3 78.40000000000001 535.6 672.2 1121.5 1517.4 2462 2931.5 2997.6 0
 40.1 40.1 40.1 740.2 764.8 1391.9 1445.8 2656.7 2722.8 3276.5
 95.8 106.1 113.9 444.1 496.9 1816.9 1870.9 2014 2080.2 3532.8
 181 318.7 585.5 729.9 1215.1 1773.3 1827.3 2659.2 3139.7 3310.9
 154.3 167.9 177.5 296.6 1091.4 1674.4 2094.4 2412.6 3128.3 4032.2
 201.7 216.8 338.1 622.6 1143.3 1399.8 1453.9 2925.5 2991.6 3958.7
 301.2 370.3 382.1 936.1 1176.8 1271.8 1326 2416.6 2482.8 3142.3
 95 105.6 421.2 1026.9 1442.3 1567.1 2095.1 2237.8 2517.3 2687.5
 269.1 329 340.6 520.1 544.3 1521.4 2239.2 2381.9 2914.7 3084.7
 40.1 87.5 570.7 734 758.5 1948.6 2002.6 2845.9 2912 3081.8
 40.1 40.1 40.1 746.8 948.8 1675.4 1729.4 2272.9 2339.1 0
 40.1 57.8 62.4 638.7 929.6 1620.3 1764.8 1907.7 3358.3 3517.2
 152.4 239 331.7 405.1 818.8 1880.7 1934.7 2695 2760.9 3244.9
 104.3 405.3 588.1 735.4 918.5 1185.3 1860.6 3241.8 3307.7 0
 132.8 145.8 476.9 1123.8 1259.3 1976.7 2030.6 2173.3 2239.2 2725
 138 330.4 387.1 1074.7 1125.2 2014.5 2068.4 2707.4 2773.4 3424.8
 51.1 359.4 370.5 406.2 1326.2 1858.3 1912.1 2588.1 2654.1 0
 181.3 557 568.4 884.7 1110.8 1358.8 1835.3 2459.8 2931 3084
 144.9 425.4 649.1 722.1 1304.6 1705.6 1759.5 2009.1 2075.1 2605.1
 214.2 361.6 372.7 1055.4 1230.5 1520.2 1732 1874.7 1940.7 3041.2
 59.8 266.5 277.1 424.6 1048.1 1142.7 1542.1 3280.9 3346.9 3519.2
 318.1 553 564.5 899.1 923.5 1644.5 1923.4 0 0 0
 242.8 258.2 328.7 908.9 1013.6 1890.5 1944.4 2086.3 2153.4 3505.7
 183.4 225.6 235.9 863.8 913.8 1547.3 2035.6 2662.4 2728.5 2900.3
 198.7 268.8 279.6 369.4 393.5 1613.7 1743.7 2735 0 0
 230 245.3 256 670.9 905.4 1489.7 1982.5 2126.3 2198.3 3901.8
 176.9 191 201 318.9 770.8 1838.7 1892.5 2137.2 2204.6 2375.9
 40.1 40.1 40.1 746.6 1037.5 1930 1983.8 2287.4 2354.8 3737.9
 40.1 42.5 714.4 840.9 865.5 1662.7 1883.7 2373.5 2721.9 2892.8
 307.1 389.6 400.7 695.6 1144.8 2012.4 2177.8 2321.7 2590.8 2761.6
 208 263.8 274.3 915.3 1097.6 1689.8 1807.2 2770.6 2837.9 3008.5
 281.4 297.7 308.6 968.1 992.8 1086.5 1548.6 1692.4 1759.7 1930.2
 141.6 341.8 705.6 1115 1168.7 1491.5 1884.5 2928.7 2996 3166.4
 126.5 582 593.4 700.8 725.6 1911.6 1965.3 2109.1 2176.4 3005.4
 140.8 221.9 232 470.4 889.4 1970.9 2024.6 2833.1 2900.4 3070.4
 88 162 242.7 652.8 677.7 1615.6 1669.4 2508.2 3005.2 0
 194.4 398.1 409.3 446.6 1243.3 1531.7 1674.3 0 0 0
 173.8 521.6 602.6 929.8 954.6 1125.6 1179.5 2674.7 3789.5 0
 181.6 372.8 384 829 853.9 1777.7 1831.6 1976.1 2043.3 3357.8
 155.9 169 409.9 790.2 1067 2152.2 2206.1 2350.7 2417.9 2589.7
 119.5 217.4 506.5 1073.7 1146.3 1979.9 2033.9 2178.5 2245.7 2417.3
 76.5 85 91.09999999999999 994.6 1176.2 1335.3 2164.7 2309.3 2376.5 2548
 90.5 166.4 192.3 439.3 491.9 741.6 1034.2 1983.9 2051.1 2222.5
 40.1 41.6 93.09999999999999 116.5 160.4 938.8 1442 1586.7 1653.9 1824.4
 62.8 70.40000000000001 75.8 176.3 197.3 1247.8 1301.8 1855.6 1922.8 2093.3
 156.4 170.3 179.7 231 280.7 758.8 1555 1700.3 1767.6 1938.3
 128.3 141 149.8 278.6 302.9 962 1194.5 1650.7 1718.1 1888.9
 82 184 210.2 244.8 268.6 1042.6 1414.5 1976 2285.4 2731.1
 77.7 114.6 122.5 289.2 694.2 1220.2 1274.3 1787.5 0 0
 81.8 135 143.6 174.3 447.3 1460.6 1725.2 1870.9 1994.2 2637.6
 137.5 180.8 190.6 245.7 269.8 650.2 1017.8 2080.8 2147.8 2971.9
 83.90000000000001 177.2 280.4 341.1 444.5 838.4 1081.1 1887.9 1954.9 2124.9
 73.40000000000001 82.7 165.7 199.7 630.2 1074.5 1372.3 2374.6 2441.7 2611.8
 111.2 123.8 132.2 245.5 270.1 1168.1 1222.6 1368.7 1435.8 1606
 61.1 100.1 107.5 267.8 644.5 1046.4 1101 1246.3 1313.4 2702.4
 75.5 85.40000000000001 125.5 321.1 797.8 1130 1507.6 1652.9 1720 2482.6
 48.7 55.5 60.2 167.6 481 1236 1290.7 1802.7 2437.3 2607.5
 129.8 144.3 233.1 647.4 708 804.7 1137.5 1634.5 1701.7 2520.3
 60.4 127.5 136.5 482.6 511 607.7 875.9 1758.6 2049 2219.3
 50.2 57.4 62.5 569.2 627.8 1452.2 1507.1 1652.9 2371 0
 51.5 58.9 146.1 179.8 719.2 1087.9 1515.7 1795.5 1862.8 2065.8
 113.4 127.2 136.7 326.1 776.1 963.8 1018.9 1961.7 2029 2197.7
 162 179 254.6 388.4 448.4 883.5 938.7 1596 1663.2 1831
 40.1 75.5 82.3 343.7 1025.7 1174.8 1230.2 1376.4 1443.7 2551.8
