# Created by Octave 3.0.1, Wed Sep 09 10:37:48 2009 PDT <jwawerla@marvin2>
# name: prt
# type: matrix
# rows: 100
# columns: 10
 66.3 132.3 146.3 371.1 393.9 727.5 758.7 835.9 870 950
 64.3 75.5 89.09999999999999 110.8 134.7 672 703.5 968.7 1002.9 1082.9
 119.2 137 152.5 187 213.3 254.9 286.8 361.9 1065.6 1145.5
 77.3 94 108.3 145.1 525.1 575.4 607.5 995.2 1022.4 1438.1
 52.4 146.2 161.8 280.4 298.4 672.9 704.9 778.3 806.9 885.5
 134.3 151.7 167 365.5 385.8 579.6 611.6 685.9 0 0
 40.1 40.1 40.1 40.1 40.1 40.1 40.1 40.1 538.4 0
 40.1 40.1 40.1 40.1 40.1 40.1 40.1 40.1 40.1 1013
 40.1 40.1 40.1 40.1 40.1 40.1 40.1 40.1 40.1 40.1
 40.1 40.1 40.1 40.1 40.1 40.1 40.1 40.1 40.1 40.1
 40.1 40.1 40.1 40.1 40.1 40.1 40.1 40.1 40.1 40.1
 82.09999999999999 97.5 112.7 151.7 173.1 565.9 598.9 1044.6 1133.7 1170.3
 59.2 72.7 86.3 123.4 362.6 417.7 0 0 0 0
 58.8 128.9 145.5 187.9 206.6 262 625.9 941.9 976 0
 58.8 127 255.8 0 0 0 0 0 0 0
 123.4 140.9 155.2 354.6 0 0 0 0 0 0
 107.5 181 195.8 208.6 259.8 329.3 714.3 1038 1072 1151.9
 128.9 194.6 209.3 226.4 266.2 336.9 343.6 1217.8 1251.9 1331.8
 154 171.4 185.8 205.4 241.2 525.4 544.2 609.7 643.8 723.8
 40.1 40.1 40.1 40.1 40.1 40.1 40.1 40.1 40.1 40.1
 85.3 100.4 113.4 140.2 177.8 237.1 257.6 324.3 358.6 1064.3
 58.4 120.7 134.6 164.9 565.8 628.7 652.5 722 756.3 828.5
 104.6 204.3 219.1 251.3 277.9 620.9 646.5 717.5 751.8 825.3
 77 162.9 177.3 345.4 371.6 432.9 459.5 531.6 850.9 925.3
 40.1 40.1 40.1 40.1 40.1 40.1 40.1 40.1 40.1 40.1
 103.2 117.6 131.3 163.9 190.2 669.2 697.1 770.3 803.7 879
 40.1 40.1 40.1 40.1 40.1 40.1 40.1 40.1 40.1 40.1
 127.5 142.9 157.2 193.4 220.8 276.9 825 898.8 932.4 1008.1
 149.2 165.4 180 216.7 244.2 301.9 327.3 1009.4 1043 1119.2
 40.1 40.1 40.1 40.1 40.1 40.1 40.1 40.1 40.1 40.1
 52.3 117.8 131.6 169.2 196.7 254.9 280.6 1197.1 1230.8 1307.3
 40.1 40.1 40.1 40.1 40.1 40.1 40.1 40.1 40.1 40.1
 40.1 40.1 40.1 40.1 40.1 40.1 40.1 40.1 40.1 40.1
 100.5 115.3 253.7 295.9 324.5 787.2 814 883.6 917.4 994.2
 40.1 40.1 40.1 40.1 40.1 40.1 40.1 40.1 40.1 40.1
 83 96.90000000000001 109.6 149.4 177.1 234.2 260.9 696.7 730.5 807.6
 59.6 71.40000000000001 82.5 480.6 509 568.6 596.1 922.6 956.4 1033.7
 64.8 127.3 206.3 246.3 274.4 817.5 845.5 913.9 947.8 1025.4
 40.1 40.1 40.1 40.1 40.1 40.1 40.1 40.1 40.1 40.1
 55.4 66.59999999999999 202.9 243.8 396.7 454.7 776.9 0 0 0
 59 70.8 81.3 242.9 612.7 671.9 699.6 740.4 0 0
 108.3 124.1 325.7 443.4 467.4 699.8 727.9 770.7 805 885
 193.9 211.3 350.8 390.2 414.2 685.5 714 758.7 0 0
 40.1 40.1 40.1 40.1 40.1 40.1 40.1 40.1 904.8 984.8
 40.1 40.1 40.1 40.1 40.1 40.1 40.1 40.1 40.1 40.1
 40.1 40.1 40.1 40.1 40.1 40.1 40.1 40.1 40.1 40.1
 193.9 211.5 224 264.8 289.3 349.4 652.4 723.6 770.9 1240.4
 40.1 40.1 40.1 40.1 40.1 40.1 40.1 40.1 40.1 40.1
 40.1 40.1 40.1 40.1 40.1 40.1 40.1 40.1 40.1 40.1
 111.9 127.9 251.3 293.3 318.2 379 407.2 829.9 877.6 955.6
 64.8 77.59999999999999 87 123.1 146 511.5 539.9 1273.7 1316.1 0
 106.2 122.1 199.1 241.1 266 326.1 577.4 648.9 690.1 1138.1
 60.6 125.1 136.2 411.4 575.8 760.6 788.7 858.7 897.9 1306.3
 106.5 122.3 324.3 490.2 514.6 575.6 604 672.6 710.3 763.1
 60.3 125.5 233.1 353.2 486.3 0 0 0 0 0
 40.1 40.1 40.1 40.1 40.1 596.3 794.2 1211.7 1245.7 1325.5
 40.1 40.1 40.1 40.1 40.1 40.1 40.1 40.1 40.1 40.1
 89.40000000000001 104.3 113.3 151.2 174.4 450 477.8 543.3 577.6 1483.6
 40.1 40.1 40.1 40.1 40.1 40.1 40.1 40.1 40.1 40.1
 106.6 122.6 225.3 266.8 291.2 498.3 528.1 597.9 1034.5 1108.3
 56.3 174.3 184.1 225.3 249.6 323 814.2 886.7 913.9 1304.9
 40.1 40.1 40.1 40.1 40.1 40.1 40.1 40.1 40.1 40.1
 137.2 154 163.8 299.1 323.8 546.7 568.6 642.5 671 745.9
 56 67.7 75.09999999999999 109.2 308.7 0 0 0 0 0
 60.5 72.90000000000001 80.59999999999999 115.9 402.6 693.2 724.5 801.7 835.9 915.9
 55.1 66.8 135.6 176.3 198.8 245.2 277.4 355.6 1245.6 1325.6
 86.40000000000001 101.4 207.1 249.5 272.7 322.9 355.5 910.6 928.6 1008.5
 108.9 283.3 293.5 336.4 359.7 592.6 625.1 695.3 717.8 797.8
 124.7 140.8 150.5 279.3 302.6 348.8 381.4 931.3 956.5 1036.6
 110.3 126 135.6 273.3 296.8 672.5 705 771.9 798.6 878.7
 40.1 40.1 40.1 40.1 40.1 40.1 40.1 40.1 40.1 40.1
 40.1 40.1 40.1 40.1 40.1 40.1 40.1 40.1 40.1 40.1
 55.8 67.2 74.7 430.1 453.8 506.7 539.6 608.3 636.1 716.2
 58.5 70.40000000000001 78.2 112.8 134.1 187.4 219.7 288.2 1310.8 1390.9
 40.1 40.1 40.1 40.1 40.1 40.1 40.1 40.1 40.1 40.1
 60.1 72.2 80.09999999999999 115.5 433.4 747.3 780.3 850.6 873.4 1475.3
 91.5 106.6 116 434.4 568.3 623 655.9 727.3 751.4 0
 128.1 144.9 155.2 195.7 218.5 519.5 740.9 813.2 838.4 901.2
 87.7 102.7 112.2 423.2 446.4 498.3 530.4 603.2 629 700.7
 59.7 231.7 242.8 283.9 307.2 525.1 557.3 630.5 656.9 731.8
 58.5 70.2 78.3 112.2 133.2 686.7 718.8 1105.9 1132.9 1205.7
 223.9 241.4 252.7 294.1 317.6 367.9 572.1 909.2 0 0
 101.5 116.9 187.8 228.8 252.2 303 334.7 1127.1 1146.5 1226.4
 184.9 255.5 266.9 391.2 414.9 465.4 497.3 567.9 588 668
 130.9 147.4 158.3 198.6 222 272.6 304.4 0 0 0
 54.8 66.2 74.40000000000001 304.2 327.9 379.6 765.7 829.3 863.4 943.4
 53.1 64.3 72.3 105.1 358.5 709.2 740 804.2 838.4 1212.2
 54.8 66.3 187.9 360 383.3 434.6 465.5 534.5 568.7 1152
 124.7 141.3 152.1 192 358.6 410.2 441.1 841.3 875.5 948.7
 60.5 72.8 81.40000000000001 115.7 0 0 0 0 0 0
 81.3 143.2 154.1 194.3 222.9 293.2 326 1167.8 1201.8 1281.6
 212.7 278.1 289.8 331.5 336.1 406.6 439.4 498.2 532.3 612.3
 208.1 225.8 237.5 279 280.5 351.2 384.1 449.5 483.7 563.8
 40.1 40.1 40.1 40.1 40.1 40.1 40.1 40.1 40.1 40.1
 62.1 125.4 136.2 176 192.7 628.9 661.9 731.1 765.5 845.6
 84.40000000000001 99 109.1 423 436.9 499.9 532.8 603.8 638.1 1351.4
 40.1 40.1 40.1 40.1 40.1 40.1 40.1 40.1 40.1 40.1
 86.59999999999999 101.4 111.6 235.9 256.4 320.8 353.9 702.7 737.1 0
 54 148.2 159.5 200 367 432.3 718.5 1016.5 1050.9 1109.8
 122.1 138.5 149.7 190 209 521.6 552.5 623.2 657.6 723.9
# name: collected
# type: matrix
# rows: 100
# columns: 10
 1 2 2 5 5 7 7 7 7 7
 1 1 1 1 1 7 7 8 8 8
 3 3 3 3 3 3 3 3 7 7
 2 2 2 2 6 6 6 8 8 9
 1 3 3 4 4 7 7 7 7 7
 4 4 4 7 7 8 8 8 0 0
 0 0 0 0 0 0 0 0 1 0
 0 0 0 0 0 0 0 0 0 9
 0 0 0 0 0 0 0 0 0 0
 0 0 0 0 0 0 0 0 0 0
 0 0 0 0 0 0 0 0 0 0
 2 2 2 2 2 5 5 7 7 7
 1 1 1 1 4 4 0 0 0 0
 1 2 2 2 2 2 5 6 6 0
 1 2 4 0 0 0 0 0 0 0
 3 3 3 7 0 0 0 0 0 0
 2 3 3 3 3 3 8 9 9 9
 3 4 4 4 4 4 4 9 9 9
 4 4 4 4 4 8 8 8 8 8
 0 0 0 0 0 0 0 0 0 0
 2 2 2 2 2 2 2 2 2 8
 1 2 2 2 7 7 7 7 7 7
 2 4 4 4 4 7 7 7 7 7
 2 4 4 6 6 6 6 6 7 7
 0 0 0 0 0 0 0 0 0 0
 2 2 2 2 2 9 9 9 9 9
 0 0 0 0 0 0 0 0 0 0
 3 3 3 3 3 3 7 7 7 7
 4 4 4 4 4 4 4 8 8 8
 0 0 0 0 0 0 0 0 0 0
 1 2 2 2 2 2 2 7 7 7
 0 0 0 0 0 0 0 0 0 0
 0 0 0 0 0 0 0 0 0 0
 2 2 4 4 4 8 8 8 8 8
 0 0 0 0 0 0 0 0 0 0
 2 2 2 2 2 2 2 6 6 6
 1 1 1 7 7 7 7 9 9 9
 1 2 3 3 3 8 8 8 8 8
 0 0 0 0 0 0 0 0 0 0
 1 1 3 3 4 4 6 0 0 0
 1 1 1 3 9 9 9 9 0 0
 2 2 6 7 7 9 9 9 9 9
 5 5 7 7 7 9 9 9 0 0
 0 0 0 0 0 0 0 0 8 8
 0 0 0 0 0 0 0 0 0 0
 0 0 0 0 0 0 0 0 0 0
 5 5 5 5 5 5 7 7 7 8
 0 0 0 0 0 0 0 0 0 0
 0 0 0 0 0 0 0 0 0 0
 2 2 4 4 4 4 4 7 7 7
 1 1 1 1 1 4 4 9 9 0
 2 2 3 3 3 3 5 5 5 7
 1 2 2 5 7 8 8 8 8 9
 2 2 7 9 9 9 9 9 9 9
 1 2 4 5 6 0 0 0 0 0
 0 0 0 0 0 5 6 9 9 9
 0 0 0 0 0 0 0 0 0 0
 2 2 2 2 2 4 4 4 4 7
 0 0 0 0 0 0 0 0 0 0
 2 2 4 4 4 5 5 5 9 9
 1 3 3 3 3 3 8 8 8 9
 0 0 0 0 0 0 0 0 0 0
 4 4 4 5 5 6 6 6 6 6
 1 1 1 1 3 0 0 0 0 0
 1 1 1 1 5 8 8 8 8 8
 1 1 2 2 2 2 2 2 9 9
 2 2 4 4 4 4 4 8 8 8
 2 6 6 6 6 8 8 8 8 8
 3 3 3 4 4 4 4 9 9 9
 3 3 3 4 4 8 8 8 8 8
 0 0 0 0 0 0 0 0 0 0
 0 0 0 0 0 0 0 0 0 0
 1 1 1 6 6 6 6 6 6 6
 1 1 1 1 1 1 1 1 9 9
 0 0 0 0 0 0 0 0 0 0
 1 1 1 1 4 7 7 7 7 9
 2 2 2 7 8 8 8 8 8 0
 4 4 4 4 4 8 9 9 9 9
 2 2 2 6 6 6 6 6 6 6
 1 5 5 5 5 6 6 6 6 6
 1 1 1 1 1 6 6 9 9 9
 6 6 6 6 6 6 7 9 0 0
 3 3 4 4 4 4 4 8 8 8
 6 7 7 8 8 8 8 8 8 8
 4 4 4 4 4 4 4 0 0 0
 1 1 1 4 4 4 7 7 7 7
 1 1 1 1 4 7 7 7 7 8
 1 1 3 5 5 5 5 5 5 8
 3 3 3 3 5 5 5 8 8 8
 1 1 1 1 0 0 0 0 0 0
 2 3 3 3 3 3 3 8 8 8
 6 7 7 7 7 7 7 7 7 7
 6 6 6 6 6 6 6 6 6 6
 0 0 0 0 0 0 0 0 0 0
 1 2 2 2 2 7 7 7 7 7
 2 2 2 6 6 6 6 6 6 9
 0 0 0 0 0 0 0 0 0 0
 2 2 2 3 3 3 3 5 5 0
 1 3 3 3 5 5 7 8 8 8
 3 3 3 3 3 6 6 6 6 6
