# Created by Octave 3.0.1, Wed Sep 09 12:50:00 2009 PDT <jwawerla@marvin2>
# name: prt
# type: matrix
# rows: 100
# columns: 10
 216.5 307.5 316.2 1248.5 1392.1 2145.2 2171.9 3257.9 3291 3370
 302.9 312.1 320.1 334.3 1084.3 2369.2 2435.6 2824.1 2857.3 2936.5
 178.7 335.1 342.7 892.7 902.5 2543.8 2689 3003.3 3417.9 3894.7
 137.6 146.2 154.1 296.6 353.4 1705.1 2915.8 3050.3 3083.2 3162.1
 117.6 160.1 397.9 455.9 1441.6 2470.1 2494.1 2563.3 2926.4 3005.4
 69.40000000000001 337.2 356.7 1124.9 1200.5 1862.1 2622.7 3173.7 3206.5 3285.5
 286.2 294.4 301.7 1115 1214.8 1803 1827.2 2357.6 2517.1 3356.2
 74.5 329.7 337 352.5 838.3 1438.5 2504 2701.1 3397.3 3475.9
 46.3 140.6 161.2 298.8 734.9 2399.4 2538.6 2766 2798.6 3329
 227.1 554.6 842.2 860 1169 1869.3 2374.9 3004.8 3037.4 3116.1
 325.3 663.3 669.4 755.4 905.2 1015.5 2130.8 3064 3096.8 2712.1
 102.2 106.4 111.8 637.9 1032 1905.7 2485.5 2945 2977.7 3056.7
 114.3 118.8 257.9 346.1 740.5 967.9 2521.8 2930.1 3214.4 3293.6
 62.7 66.09999999999999 350.4 549.9 558.9 2136.1 2157.8 2227.2 3146.7 3540.2
 94.40000000000001 98.90000000000001 103.7 891.7 1341.1 1892 1914 2396.7 2800.7 3359.2
 76.5 80.8 314.7 333.2 342.5 2287.6 2309.9 3034.3 3066.7 3145.6
 194.9 201 206.4 845.2 855 2176.5 2336.9 2865.6 2898 2977
 132.1 138 143.3 919.3 1244.9 1281.5 1736.1 2720.6 2753 2832.3
 218.7 225.3 381.7 590.8 704 2344.2 2644 2713.3 2745.8 3298.8
 191.3 493.9 714.3 732.6 1078.7 2068.5 2436.2 2605.3 2637.8 2717
 105.2 242.1 247.5 1041 1051.3 1999 2645.5 2715.1 3142.4 3360.9
 40.1 90.90000000000001 95.40000000000001 347.1 1433.5 1897.2 2483.9 2807.2 2839.8 2919
 170.6 198.9 204.4 354.7 1867.4 1931.9 2102.4 3407.5 3561 3640.1
 69.09999999999999 73.7 77.90000000000001 400.4 533.2 1537.6 1560.6 3345.6 3378.1 3457.2
 217 223.5 401.6 502.5 719.3 2299.6 2385.7 2769.6 2802.2 3356.2
 217.6 224.3 229.8 888.7 897.4 2189.9 2415.7 2691.7 2724.3 2907.6
 98.3 215 898.5 917.1 1061.8 1828.4 2193.3 2845.4 2878 3122.3
 47 50.7 53.3 333.6 342.7 2304.8 2703.5 3158.2 3190.9 3414.1
 73.59999999999999 110.1 114 412.8 1672.6 1982.6 2376.7 3194.8 3227.5 3306
 40.1 51.8 54.5 66.3 1026.5 2499.7 2523.1 2592.2 3069.2 3147.8
 226.3 233.5 325.4 662.7 670.5 1633.4 2546.7 2982.2 3014.9 3259
 45.7 61.8 420.8 439.8 447.7 2277.9 2542.3 2939.2 3101 3179.9
 172.8 180.1 529.4 548.7 556.9 2101.5 2174.9 2644.7 2677.4 2756.7
 176.5 296.8 300.8 320.3 1151.5 2392 2474.5 2543.8 3024.9 3300
 167.3 207.1 247.7 267.5 879.7 1712.7 1736.2 3221.6 3254.3 3333.4
 122 129 132.8 781 1297.9 2015.3 2038.9 2964.3 2996.9 3076.1
 100.6 289.1 293.3 667.7 675.4 1881.8 2533.8 2910.3 2943 3423.2
 223.4 231 235.3 926.2 1531.6 2000.5 2556.7 2862.4 3090.8 3447.4
 73.09999999999999 78.8 325.2 833.5 841.4 2080 2103.6 3210.2 3242.9 3459
 242.4 294.6 298.9 318.1 326.2 1610.8 2459.8 2711.2 3130.2 3209.1
 69.7 134.9 151.8 659 1243.9 1279.5 2320.5 3099.9 3132.5 3847.9
 200.8 230.9 235.3 551.2 1645.3 2217.6 2240.9 2939 3241 3513.7
 79.5 97 100.7 309.9 582.6 921.1 2078.5 2890.6 2923.3 3002.1
 42.3 137 328 380.1 833.4 869.7 2502.8 2571.7 2604.4 3331.8
 89.5 185.8 312.8 413 618.3 1630.9 2312.8 3025.3 3058 3325.9
 131.6 139.2 280.2 299.6 1224.7 1285 1709.3 2763.5 2970.8 3663.8
 204 212.2 216.4 351.3 1019 2087.3 2109.8 2974.7 3007.4 3086.1
 122.1 129.6 328.9 588.9 846.9 1990.3 2684.4 2973.2 3006 3084.7
 113.5 121 124.8 716.8 797.5 2292.8 2354.3 2423.1 2455.8 3847.6
 119.7 127.3 131.3 945.1 952.5 1904 1926.7 3058.4 3091.2 3548.3
 138.4 146.3 150.4 592.2 1230.9 1267.4 2327 2679.4 2712.2 3340.1
 169.7 278.3 282.7 1004.6 1012 1758.6 2037.4 2294.5 2994.4 3829.2
 219.4 227.9 232.4 848.4 856 2134.9 2499.6 2568.3 2601 2679.6
 135.3 143.4 147.7 215.6 366 2291.3 2313.9 3030.5 3348.3 3702.5
 255.3 263.9 268.6 770.9 778.6 2091.4 2582.7 2651.5 2684.2 2762.8
 50.1 210.9 271.1 289.6 297.4 1589.2 2067.4 2136.2 3478.3 2391
 86.3 206.1 310.4 329 1510.5 1546.5 1569.1 2453.8 3058.6 3565.1
 132.4 140.4 144.8 1165.1 1172.7 1854.1 1876.8 2513.7 2546.2 3633.7
 188.9 296.7 301.5 319.7 327.5 1780 1802.8 3141.9 3174.4 3251.9
 86.90000000000001 93.90000000000001 339.6 583.7 591.6 1924.7 2561 2823.4 3173.6 3251.3
 61.6 114.9 119 404 412.1 2052.4 2673.7 2901.1 2933.6 3395.3
 132.4 198.8 420.2 509.2 705.1 1454.2 2665 2992.1 3024.7 3482.8
 197.8 420.8 425.4 459.1 816.9 2030.3 2194.7 2462 2494.5 3067.8
 132.7 140.8 145.1 387.8 395.9 2201 2223.7 3240.8 3273.4 3648.2
 40.1 73.7 275.3 1185.2 1193.4 1881.5 2369.5 2815.1 2847.7 2925.9
 115 122.9 363.4 750.2 758.6 1938.5 1961.3 2030 2062.6 2141.4
 218.9 227.7 232.1 371.4 1700.7 2262.8 2285.6 2439.5 2472.2 3120.6
 40.1 329.8 334.3 352.8 360.9 1627.8 1986.5 2770.6 2803.2 3700.6
 42.7 119.5 237.9 882.6 1262.7 1298 2342.8 3057.1 3517.7 3596.3
 40.1 51.5 54.1 690.8 699.1 1955.5 1978.3 2299 2331.6 3376.7
 40.1 294.9 299.4 349.8 358.1 2273.3 2491.6 2560.4 2593.1 2671.7
 204.3 296.4 301 516.7 801.9 1946.1 1969 3197.9 3230.5 3539.8
 225.5 564.8 569.6 869.5 1013.3 1048.3 2241.5 2899.8 2932.4 3219.8
 40.1 91.3 95.2 330.4 908.5 2522.6 2748.1 2816.8 2849.5 2928.1
 143.5 151.5 535.4 1070.3 1156.9 1601.1 2382.4 2776.8 3268.2 3533.2
 90.90000000000001 97.90000000000001 343.5 362.1 993.3 2430.9 2499.7 2671.4 2704.1 2782.6
 97.3 104.5 108.2 300.1 308.5 2308.8 2331.7 2536.6 2997.7 3322
 119.8 325.1 329.5 971.9 1282.3 2189.2 2254.1 2538.9 2571.6 3515.7
 108.2 115.6 119.5 766.2 774.9 809.8 2669.2 2921.1 3368.6 3447
 146.1 389 393.5 411.8 420.6 1208 2743.3 2812.2 2844.8 2923.3
 182.7 191 303.4 321.8 700.7 2569.1 2591.6 3289 3695.1 3773.5
 60.9 66.59999999999999 344.4 421.5 928.5 2092.3 2765.6 2965 2997.6 3076
 224.7 339 343.4 1074.2 1082.9 2082.7 2105.2 3125.4 3158 3236.4
 99.40000000000001 106.7 110.5 791.3 800.1 1825 2568.4 2637.3 2669.9 3668.1
 40.1 40.1 40.1 40.1 40.1 1120.8 2646.3 3158.2 3190.8 3528.8
 113.3 302.9 307.4 1150.2 1239.5 2097.5 2119.9 2914.7 3146.3 3224.6
 40.1 40.1 40.1 357 964.1 2339.9 2362.4 3125.7 3773.1 3851.4
 116.4 137.1 338.8 357 365.9 1584 2871.9 2940.7 2973.4 3711.6
 159.6 167.9 172.2 998 1007 2019.2 2041.6 2664.1 3364.4 4035.4
 138.5 315.4 320 1251.5 1327.6 2007.8 2635.8 2704.6 2737.2 3365.5
 117.9 312.8 530.9 548.8 651 2238.7 2511.9 3307.2 3339.8 3418
 187.3 220.7 309.3 673.4 1904.7 1939.5 2309.5 2806.7 3021.6 3392.4
 77.09999999999999 263.6 412.7 1131.1 1140.1 2032.4 2054.9 2950.6 2983.2 3600
 127.9 331.2 335.7 1030.5 1039.6 2507.4 2529.9 2998.1 3030.7 3108.9
 138.8 229.6 234.1 375.9 385.1 2227.8 2250.4 2876.3 2908.9 3134.9
 61.6 236.3 240.8 668.3 677.6 2286 2440.2 2605.2 3191.9 3270.1
 253.7 334.5 443.3 461.1 470.4 2223.3 2580.6 3241.9 3459.9 3538.1
 82.7 89.2 93 951.9 1316.9 2166.7 2331.4 2779.3 3347.2 3425.4
 217.6 225.9 230.5 417.9 1440 2520.3 2543.1 3242.1 3274.6 3352.8
 130.4 173 177.6 479.1 873.4 2110 2174.6 3127.7 3160.3 3375.2
