# Created by Octave 3.0.1, Wed Sep 09 20:53:23 2009 PDT <jwawerla@marvin2>
# name: prtA
# type: matrix
# rows: 100
# columns: 10
 263.4 586 677 761.6 812.6 952.9 1018.6 1699.2 1766.7 3259.1
 259.9 581.5 717.4 847 1285.1 1628.5 1694 1715.4 1782.9 2742.3
 254.5 637.1 665.5 1144.7 1197.8 1341.5 2007.2 2164.6 2233.4 3046.6
 489.8 544.6 728.8 1416.1 1471.4 1618.1 2557.7 2716 2784.9 2945.4
 368.9 815.4 1062.6 1224.1 1916.2 2063.1 2395.1 2553.9 2622.9 2783.6
 464.8 570.3 612.5 1062.7 1123.4 2018.6 2086 2245.1 2314.1 2474.8
 527.4 882.9 1163.9 1328.5 1789.2 1939.5 2007.2 2166.7 2235.8 2396.5
 140.5 623.9 819.6 1106.4 1159.5 1860.2 1927 2085.6 2154.6 2315.2
 428.2 567.6 989.8 1093.2 1556.5 1703.3 1770.5 1929.5 1998.6 2786
 371.4 451.5 813.6 923.2 978.3 1635 1702.5 1650.8 1718.4 1877.8
 169.1 409.2 439.8 1018.9 1159.2 1844.3 1910.7 1911 1978.3 2137.5
 92.5 208.3 233.4 819.3 1184.7 1323.2 1721.2 1935.8 3446.2 3606.8
 165.7 192.7 216.3 863.4 1099 2136.9 2397.8 2589.7 2658.6 2819.2
 58.6 71.7 287.5 626.5 674.6 1631.5 2047.2 0 0 0
 296.1 424.6 561.4 938.5 984.8 1317.7 1381.3 1664.1 1731.8 1891.1
 177.3 223.5 637.8 705.9 751.9 1469.3 1532.8 2204.5 2271.6 2431.5
 194.8 434 486.3 711.6 758 1930.1 1993.6 2170.7 2237.8 2397.7
 76.40000000000001 149.1 597.6 706.6 750.9 1790 1852.6 2234.4 2353.6 2513.8
 209.7 229.9 248.3 716.5 758.7 1885.1 1947.2 2642.4 2697.7 2882.9
 62.6 72.7 128.1 858.3 1141.2 1601.9 2018.9 2406.1 2462.1 2645.8
 129.4 430.2 466 524.6 564 895.4 1692.9 2079.7 2140.6 2314.6
 70.59999999999999 148.3 415.5 564.5 604 1261.4 1321.7 2158.3 2219.4 2787.1
 129.3 144.9 337.5 909.9 949.3 1590.6 1649.6 1812 1873.6 2046.1
 69.7 177.1 189.2 362.1 1161.8 1443.2 1502.2 1663.5 2070.1 3008.1
 80.2 108.9 118.5 337.1 996.1 1113.6 1172.7 1333.5 2630.9 2803.9
 40.1 45.3 49.9 332.4 1037.4 1631.8 1690.8 2167.9 2190.6 2349.6
 183.1 219.9 233.3 286.1 610 1329 1388.4 2177.6 2896.4 2674
 203.4 221.2 233.8 743 779.2 1022.1 1696.8 1851.9 1917 2745.1
 78.59999999999999 106.9 115.8 629.3 879.5 1318 1376.8 2068.9 2133.8 2312.1
 135.6 150.1 160.2 453.4 647.6 1728.9 1787.4 1941 2007.9 2679.2
 54 61.7 67.3 730.3 765.4 1526 1686.2 1836.6 1906.8 2083.1
 188.2 205.6 277 530.3 606.7 1356.2 1629.7 2101.7 2171.8 2847.5
 56.2 115.3 123.9 597.6 898.2 1197.8 1474.2 1627.9 1695.5 3151.3
 40.1 69.90000000000001 76 152.4 832.9 943.1 1453.2 1602.7 1674.1 2156.4
 55.3 62.6 68.2 419.8 454.3 1090.4 1148.4 1654.8 1724.5 1898.4
 159.8 290.3 323.6 371.6 765.3 1229.7 1588.5 2002.7 2070 2908.9
 131.7 195 294.9 527.8 561.4 1372.5 1620.2 2115.1 2184.7 2351
 87.7 294.7 307.5 351.4 492.5 1403.4 1574 1906.4 1975.9 2619.1
 40.1 80.09999999999999 142.3 406.2 1039.4 1199.4 1256.3 1415.4 1786.7 2574.5
 76.5 162.6 173.1 435.4 467.5 1473.5 1530.3 1681 1750.3 0
 116.5 129.1 138.5 634.2 799.3 1230.9 1287.7 1977.2 2046.4 0
 145.3 159.3 222.7 424.2 731 1424.1 1480.8 2135 2204 2366.3
 148.8 163 291.3 379.2 474.9 1191.3 1248.1 2379.9 2448.9 2965.4
 68.5 77.2 104.2 134 382 1669.4 1726.2 1811.9 2194.2 2815.2
 167.6 200.5 211.9 278.4 694.6 1543.5 1600 1757.3 1824.7 1983.9
 54 61.1 136.1 581 643.2 1476.4 1532.7 2336.9 2405.8 1967.2
 40.9 186.8 198.2 237.6 512.2 1092.4 1148.8 1746.1 2857.6 3017.9
 61.6 133.3 143.1 461.2 492.3 1285 1665.9 1819.3 1887.9 2053
 40.6 95.3 103.4 160.1 279.9 1430.1 1486.5 1640.2 1708.8 3255.6
 83.7 111 120 572 733.2 1132.4 1188.9 2134.7 2203.3 2368
 156 201.6 213.7 254.5 813.2 1136 1192.6 1989.6 2058.1 2223
 54.3 61.5 67.40000000000001 435.9 687.1 1235.4 1292.2 1809.5 1878 2041.5
 73.8 158.1 169.3 237.7 579.2 924 1418.5 1572.1 1957.1 2739.7
 137.3 151.6 291.1 360.9 392.1 952.6 1732.5 1886.3 1954.9 2646.9
 64.90000000000001 73.5 134.8 504.7 823 1391.9 1754.1 1907.7 1976.3 2139.9
 66.59999999999999 75.5 82.8 839.4 871.6 1339.2 1507.1 1800 2181 2790.8
 120.4 133.8 200.1 762.3 833.9 989.9 1046.7 1997.3 2065.9 2229.5
 172.9 189.1 393.8 485.8 518.1 1168.6 1225.5 2291.1 2359.7 2697.2
 78.3 88.5 168.5 304.7 699.5 1087 1143.9 1998.5 2046.9 2210.3
 84.59999999999999 173.5 205 667.1 836.1 942.1 1417 2341.2 2406.9 2565.7
 79.40000000000001 90.3 230.6 690 756.3 862.9 1489.5 1643.4 2190.9 2736.6
 83.09999999999999 154.5 166.2 205.9 865.3 1391.4 1561.9 1715.9 1783.5 0
 66.7 76.3 123.8 828.3 923 1295.9 1353 2078.6 2435.5 2588
 108.1 183.2 196 459.3 791.5 1216.5 1273.7 1803.9 1871.5 2340.3
 55 125.5 154.9 371.9 920.6 1120.4 1550.2 1836.2 1903.8 2065.4
 93.59999999999999 197.8 248.8 496 860.2 1642.8 1699.8 1986 2053.6 2215.1
 77.90000000000001 88.59999999999999 150.7 534.5 664.8 1318.5 1375.6 1899.7 1967.3 2121
 76.5 218.4 296.2 385 644.6 1432.4 1855.3 2006.2 2073.8 2236.2
 75.8 223.2 236.9 282.3 467.7 1019 2141.6 2292.4 2800.5 2956.5
 102.7 133.4 144.3 290.3 647.7 1650.3 1707.2 2159.9 2227.4 2390.6
 65.90000000000001 75.59999999999999 156.3 641.6 716.2 1096.9 1577.4 1728.2 2330.1 3002.1
 64.90000000000001 74.40000000000001 199 268.3 844.9 1081.5 1762.9 2112.8 2187.4 2346.4
 79.59999999999999 107.2 242.9 528.7 823.3 1091.3 1148.3 1298.8 1368.5 2749.1
 88.90000000000001 118.3 147.9 232.3 263.8 1353.3 1410.4 2436.1 2505.8 3074.2
 86 156 205.3 714.1 929.3 1345.4 1402.5 1553 1622.8 1785.2
 171.1 188.9 257.1 596.7 631.6 1480.6 1537.8 1620 1688.9 2957
 110.3 124.8 270.1 698.3 798.8 1275.8 1700.6 1690.9 1759.8 0
 67.5 77.2 172.5 398.8 468 872.3 1812.5 2136.3 2206 2827
 127.5 142.6 154.3 544.5 823 1520.7 1577.9 1876 1945.8 2109.3
 80.5 125.3 136.5 796.1 831.3 1502 1559.2 1708.5 1778.3 2534.3
 155.8 281.9 296.8 446 779.8 1080.1 1137.8 1947.9 2017.5 2638.9
 101.3 146.2 158.3 421.4 762.2 925.4 1558.1 1856 1925.7 2089.1
 66.09999999999999 76.2 104.2 751.5 787 964.2 1467.2 1616.4 1684.8 2849.5
 137.1 153.1 165.6 568.1 911.4 1203.4 1572 1721.2 1789.6 1953
 75.59999999999999 134.8 187.8 518.4 1007.3 1447.6 1505.4 1654.7 1723.1 3793.3
 120.6 136 147.9 283.7 317.9 1180.7 1238.5 1387.9 2072.3 2235.7
 52.5 113.5 124.4 481.5 606.8 1289.9 1348.1 2431.5 2499.8 2663.3
 160.9 241.8 315.5 581.1 784.4 1569.8 1628 2304.1 2372.4 2535.8
 131.9 164.5 264.4 314.1 901.9 1484.8 1543 2007 2075.3 2706.7
 118.5 151.8 221.9 474.5 575.7 1485.5 1543.7 1930.9 1999.2 2162.7
 68.8 79.8 217.9 541 885.6 1442.5 1813 1729.1 1798 2362.5
 67.7 112.1 180.3 679.2 753.5 867.6 925.9 2807.9 2874.4 3032.8
 138.2 189.6 352.7 677.3 714.1 1036 1624.8 1773.5 1841.4 2004.9
 81.2 145.1 233.5 718.8 799.5 1045.2 1281.5 1430.4 2466.1 2999.2
 104.6 207.6 222.2 271.5 306.5 1708.2 1766.4 1915.2 1983.1 2145
 119.7 136.5 148.8 278.6 1118.5 1233.2 1291.4 1440.1 1508 1670
 53.1 62.3 69.5 731.6 769 883.8 1566.5 1713.9 1781.7 3289.6
 154 191.2 281.2 747.8 950.8 1333.5 1392.1 1735.3 1803.2 2370.6
 138.6 307.8 602 714.8 752.4 1145.6 1397.4 1682 1749.6 2550.9
 79.2 125.4 137.6 563.5 707.2 1580.7 1639.5 1788 1855.8 2017.8
