# Created by Octave 3.0.1, Thu Sep 10 11:50:43 2009 PDT <jwawerla@marvin2>
# name: gg
# type: matrix
# rows: 400
# columns: 10
 16 20 24 25 29 34 44 44 44 44
 5 5 5 26 27 39 39 39 39 48
 4 8 8 36 42 43 43 48 48 48
 13 14 15 29 29 48 48 48 48 48
 10 15 15 39 39 42 46 46 46 46
 14 14 14 29 29 42 46 47 48 48
 8 15 15 34 34 42 47 50 50 50
 9 9 9 24 33 46 46 46 46 49
 13 14 14 14 26 31 34 41 41 46
 12 18 19 22 35 39 39 46 46 47
 10 10 10 27 32 39 47 48 48 48
 9 9 13 14 43 43 43 43 43 43
 6 14 14 29 33 36 36 36 36 47
 5 7 15 34 40 46 46 46 46 48
 3 6 7 23 23 40 40 48 48 48
 10 27 36 37 37 42 44 45 45 48
 8 26 27 27 27 31 31 49 49 49
 3 7 9 30 30 45 45 49 49 50
 3 8 8 35 35 44 45 45 45 45
 9 12 17 35 36 37 37 47 47 47
 13 22 22 34 35 35 35 39 39 39
 4 7 16 44 44 45 45 45 46 49
 6 9 9 30 31 31 31 49 49 49
 20 26 31 40 42 45 45 46 46 46
 12 24 26 26 34 42 42 48 48 50
 2 3 5 29 33 33 39 39 39 50
 8 25 25 32 41 45 47 47 47 47
 5 10 10 26 27 38 38 41 41 41
 9 17 18 25 25 43 45 47 47 47
 5 10 17 21 21 47 47 47 47 50
 8 8 8 22 23 30 30 47 47 47
 7 7 7 35 35 38 38 46 46 46
 5 7 7 21 25 43 43 45 47 47
 5 13 31 36 36 38 45 45 48 49
 14 14 14 19 19 29 45 45 47 47
 6 6 6 15 37 37 37 37 50 50
 13 13 13 34 34 39 39 46 46 46
 4 11 22 24 35 44 44 50 50 50
 13 16 30 30 30 48 48 50 50 50
 4 11 11 33 34 35 41 42 42 42
 5 11 12 31 31 34 42 45 45 45
 4 9 18 19 19 27 47 48 48 49
 10 17 19 21 33 39 39 48 48 49
 7 7 7 24 27 27 48 48 48 48
 3 3 19 19 20 34 34 50 50 50
 3 3 5 34 34 34 43 43 43 43
 9 9 14 14 14 41 41 41 48 48
 7 8 10 10 30 38 38 48 48 49
 3 6 20 31 34 39 42 42 42 48
 8 8 9 22 22 44 48 48 48 48
 5 7 7 37 43 45 47 47 48 49
 11 16 17 33 38 42 42 43 43 44
 10 13 16 30 30 45 47 49 49 49
 6 6 6 31 38 44 44 49 49 49
 10 12 15 38 39 45 45 45 45 45
 10 16 20 31 32 36 46 46 46 46
 3 11 13 31 31 31 31 31 31 50
 3 3 3 25 25 42 42 50 50 50
 8 8 32 35 37 43 43 48 48 50
 3 3 5 28 38 38 46 47 47 47
 3 3 5 20 37 40 40 44 44 44
 8 10 20 25 38 43 43 43 43 49
 10 13 13 23 23 45 45 47 47 47
 4 7 24 30 31 46 47 48 48 50
 4 5 5 14 39 47 47 50 50 50
 9 25 25 28 35 46 46 47 47 47
 4 5 5 35 35 36 42 42 42 49
 6 19 26 38 38 39 43 48 48 48
 3 3 5 32 33 46 47 47 47 47
 4 7 7 33 33 43 49 49 49 49
 16 16 16 34 35 46 47 47 47 49
 9 9 11 33 39 40 48 48 49 49
 16 19 22 28 32 43 45 49 49 49
 10 15 15 33 34 44 44 46 46 48
 9 9 20 20 32 33 33 41 41 41
 10 19 21 38 38 40 40 46 46 46
 5 12 34 36 37 40 42 42 42 48
 9 17 18 18 18 32 44 44 44 48
 11 19 19 31 31 40 43 45 45 49
 12 12 12 21 32 35 41 42 49 49
 11 11 17 33 42 42 42 45 45 50
 14 18 20 29 33 45 49 49 49 49
 8 11 11 29 37 40 40 46 46 46
 5 9 12 26 34 34 34 43 50 50
 2 2 2 13 37 46 46 48 48 48
 15 15 16 36 36 39 46 46 46 48
 12 13 13 13 13 48 48 48 48 48
 11 14 24 37 38 48 49 49 49 49
 5 8 24 28 30 43 43 49 49 49
 10 10 10 25 25 39 39 39 40 43
 17 20 20 24 24 46 47 48 48 48
 4 10 10 15 15 46 46 46 46 49
 4 28 32 32 35 39 43 43 45 47
 4 21 23 25 26 38 38 48 48 49
 8 17 18 38 38 38 48 48 48 48
 9 9 9 36 38 46 47 47 47 50
 14 17 22 25 26 40 42 44 44 50
 4 6 6 37 37 43 43 48 49 49
 8 8 8 30 33 41 41 47 47 47
 9 9 9 25 25 45 45 47 47 47
 25 25 26 83 83 87 91 91 100 100
 52 60 60 73 73 85 85 94 94 94
 19 45 58 58 58 59 92 93 93 97
 48 48 50 82 82 83 83 95 95 97
 36 52 52 76 88 88 91 94 94 94
 23 68 71 75 77 84 84 84 96 96
 47 47 74 80 85 86 86 90 99 100
 3 48 70 78 84 86 91 91 100 100
 17 31 66 83 83 89 90 90 96 96
 23 46 46 87 90 92 92 92 94 94
 30 34 47 67 67 79 94 95 95 95
 21 34 64 74 82 82 98 100 100 100
 42 45 45 74 74 89 89 89 89 96
 2 3 3 79 83 88 89 99 99 99
 37 43 52 64 64 66 76 83 83 83
 8 29 29 79 79 93 96 96 96 96
 38 45 66 67 72 77 87 93 93 99
 11 16 16 61 61 95 95 95 97 98
 16 35 61 61 62 89 98 98 98 100
 47 63 65 69 78 85 85 85 85 100
 11 50 71 73 73 91 91 96 96 99
 14 14 42 66 66 84 84 94 94 94
 15 47 57 59 85 98 98 98 98 98
 27 29 44 71 87 96 96 97 99 100
 23 31 35 67 69 79 79 95 95 95
 22 35 62 62 83 89 89 98 99 99
 24 24 50 55 73 78 78 97 97 97
 26 39 40 69 70 92 93 96 96 98
 17 34 43 84 84 84 89 89 96 96
 31 74 74 80 82 95 95 95 95 95
 24 24 27 64 90 96 96 98 98 99
 20 47 47 73 73 85 85 95 95 95
 30 30 30 66 66 83 85 87 87 87
 25 28 28 55 84 85 98 98 98 98
 18 18 28 49 50 82 82 99 99 99
 20 20 23 26 78 93 93 93 99 99
 26 29 39 68 69 86 90 100 100 100
 31 34 39 74 89 90 90 98 98 98
 6 25 57 69 69 88 88 99 99 99
 20 20 42 71 84 97 97 97 97 100
 12 27 45 64 67 68 68 98 98 98
 26 29 29 84 84 95 97 97 97 97
 17 59 60 69 75 82 82 94 94 94
 19 21 21 54 54 54 54 95 95 95
 34 45 45 45 86 94 94 94 94 97
 9 9 44 69 73 73 90 97 97 97
 28 28 28 50 74 74 74 99 99 99
 21 21 42 81 95 95 98 98 98 99
 15 49 50 62 62 90 90 90 97 97
 18 18 64 68 81 94 94 99 99 99
 40 40 40 69 69 84 84 97 97 97
 17 17 24 68 84 88 95 95 95 97
 16 28 31 64 77 91 91 95 95 99
 7 7 66 70 70 84 84 90 90 98
 10 12 19 77 77 88 89 89 89 96
 23 40 40 76 77 98 98 98 98 98
 26 36 36 79 80 89 96 96 96 96
 10 24 41 59 59 65 82 98 99 99
 5 39 39 66 76 91 98 98 98 100
 2 58 58 58 63 75 75 94 94 96
 7 13 20 27 86 87 87 87 92 96
 17 46 50 51 76 90 90 99 99 99
 13 13 18 18 69 81 87 93 94 98
 16 23 37 68 68 72 72 96 97 99
 33 33 34 74 74 74 74 95 99 99
 7 29 33 84 85 97 97 98 98 98
 25 28 35 36 72 75 89 89 93 93
 5 44 44 51 64 90 94 97 97 97
 2 54 54 54 65 85 85 89 89 100
 2 3 39 54 68 75 76 77 92 92
 19 25 25 48 83 88 88 97 97 98
 32 48 48 58 64 83 83 98 98 100
 10 40 45 73 88 97 97 97 99 99
 26 29 47 69 70 91 91 95 95 97
 3 29 29 76 76 91 91 98 98 100
 45 45 62 72 78 87 96 96 98 98
 21 50 52 83 94 94 95 95 95 96
 29 29 54 74 77 86 86 86 86 98
 22 23 23 29 64 64 70 98 98 98
 46 56 66 66 93 98 100 100 100 100
 21 25 34 58 61 92 92 92 95 99
 18 18 18 54 77 87 87 93 93 93
 20 20 20 23 85 86 86 98 100 100
 19 19 23 53 53 86 86 86 99 99
 14 14 18 19 87 95 96 96 96 96
 2 2 2 64 64 88 90 90 90 97
 2 54 54 58 61 87 87 95 95 97
 31 31 31 47 69 94 94 95 95 95
 20 20 20 65 73 82 87 96 96 96
 24 24 46 63 63 73 73 73 73 73
 20 53 53 73 74 88 88 98 98 98
 42 46 50 50 84 92 92 92 92 99
 16 16 22 49 93 93 93 98 98 98
 12 17 44 45 81 85 85 96 96 100
 32 33 33 33 77 80 96 100 100 100
 39 49 62 66 66 68 88 91 100 100
 23 29 31 54 73 86 86 86 86 99
 12 30 46 63 63 96 96 96 96 96
 16 38 60 74 75 95 95 95 95 95
 5 5 5 69 69 86 91 91 91 95
 27 27 27 164 164 192 192 192 200 200
 87 146 146 181 182 196 196 200 200 200
 81 81 81 179 183 193 196 199 199 199
 30 30 30 134 188 189 189 189 189 195
 40 126 126 179 180 187 187 197 197 199
 105 109 109 155 165 186 191 191 191 198
 126 130 134 155 155 178 179 192 192 197
 83 96 129 152 183 185 197 197 199 199
 13 140 153 182 186 191 198 198 198 198
 90 117 166 167 168 191 199 199 199 200
 87 93 100 100 169 188 194 200 200 200
 63 139 142 158 159 193 193 193 193 196
 31 81 81 175 175 185 191 198 198 199
 53 101 102 162 166 166 190 193 198 199
 66 122 122 151 151 166 174 186 198 200
 34 34 37 179 183 198 198 198 200 200
 54 82 131 169 169 188 188 197 197 197
 90 120 120 149 149 181 181 181 197 197
 56 64 64 173 179 183 183 193 193 194
 80 110 141 175 180 192 192 196 196 196
 69 101 146 164 165 188 194 195 198 198
 31 134 134 158 160 180 183 183 193 193
 34 109 162 163 168 183 198 198 198 200
 6 35 44 126 129 195 195 195 195 199
 48 68 138 180 182 189 189 198 198 198
 29 81 129 170 180 184 184 200 200 200
 100 109 109 166 166 189 190 191 191 200
 3 3 51 130 165 191 191 192 195 195
 9 113 147 163 164 197 197 197 197 199
 3 3 3 174 184 184 192 195 195 195
 36 65 65 135 182 187 190 191 191 192
 4 41 41 167 178 182 185 186 186 196
 56 80 80 164 165 180 180 193 193 196
 33 111 111 146 181 183 193 194 194 198
 26 26 82 139 139 191 191 192 195 197
 74 74 117 157 163 190 190 190 190 200
 73 73 117 138 152 192 192 198 198 198
 60 85 95 157 172 185 189 193 193 197
 79 79 116 166 166 198 198 199 199 199
 34 34 36 133 178 183 190 197 197 197
 63 112 112 112 169 191 191 198 198 198
 36 51 139 151 165 183 184 188 188 188
 29 53 53 163 163 193 193 194 194 199
 32 34 77 173 185 185 185 191 191 191
 35 35 51 133 133 187 188 189 190 193
 30 33 116 117 138 184 186 196 199 199
