# Created by Octave 3.0.1, Sat Sep 05 15:25:36 2009 PDT <jwawerla@walle.autolab>
# name: prt
# type: matrix
# rows: 100
# columns: 10
 314.1 333.9 350.9 1393.7 1604.8 2183.2 2533.5 3337.7 3403.8 2280.6
 320.2 337.7 683.7 1088.3 1721.1 2436.5 2808.6 2947.2 2571.6 2729
 248.6 436.5 794.9 906.6 984.1 2686.6 2982.8 3455.9 3885.3 4043.1
 147.2 283.9 290.4 358.7 1649.7 2910.4 3007.2 3146.4 3212.6 4075.8
 156.7 436.4 444.1 1440.2 1456.7 2495.2 2544.1 2986.4 3511.7 4033.3
 350.9 443.8 738.4 1198.6 1804.5 2619 2827 3267.7 3333.1 4393
 296.9 524.8 533 1273.9 1402.7 1836.1 2346.4 2561 3385.1 3541.8
 88.40000000000001 345.2 353.7 1004.5 1424.9 2501 2651.2 3423.6 3488.4 3999
 40.1 48.4 164.4 1653.6 1858.1 2539.1 2741.6 3298 3362.9 3519.9
 647.6 846 855.2 1175.3 1812.4 2378.7 2620.1 3113.2 3178.3 3335.4
 667.2 680.1 745.2 851.1 982.2 2144.1 2749.5 3166.6 2740.8 2896.9
 102.7 111 117.5 1537.5 1698.1 2488 2894.7 3034.6 3100.8 3890
 114.7 324.6 334.5 925.1 945.1 2788 2885.2 3291.2 4341.1 4820.9
 40.1 66.59999999999999 538.5 1088.1 1125.1 2159.1 2208.5 3496.8 3562.4 4592
 95.09999999999999 103.6 658.1 1334.7 1355.5 2314.1 2363.8 2858.8 3434.4 4869.8
 80.5 324 331.5 356.8 2025.8 2310.8 2604 3128.2 3193.8 2485.7
 308 321.6 329.6 859.8 2047.4 2337.5 2823.2 2962.7 3713.7 3870.4
 133.5 144.1 150.4 1254.4 1273.2 1756.7 2677.9 2817.6 2883.5 4207.4
 237.2 388.1 562.7 698 1205.6 2639.4 2688.8 3281.5 3741.8 4224.6
 663.1 716.8 725.8 1081.2 1580.5 2447 2571.9 2711.8 2777.6 3324.5
 240 357.8 366.6 1623.9 1771.3 2638.5 2688.1 3301.5 3367.3 3987.6
 40.1 40.1 95.8 1443.9 1767.9 2472.3 2521.9 2893.1 2959.2 3877.8
 197 335.1 344.3 1864.1 1883.6 2103.1 2598.4 3589.1 3655 3811.3
 68.09999999999999 74.8 79.5 526.5 546.1 1676.2 3306 3445.8 3511.6 4479.6
 221.2 409.9 475.6 1484.6 1565.3 2393.8 2727.8 3320.7 3656.9 3813.2
 222 234.8 299.6 899.1 1809.5 2529 2578 2863.5 2929.8 3388.4
 212.4 900.9 910.9 1055 1771.4 2191.3 2293.8 3054.3 3120.7 3279.1
 40.1 47.2 50.5 622 1580.2 2706.1 3119.8 3360.8 3427 3903.6
 51.4 109.9 116.5 1592.9 1682.8 2389.4 2849.8 3273.5 3339.7 3887.6
 40.1 40.1 51.3 60.3 87.59999999999999 2535 2584.2 3131.2 3571.6 3729.3
 232.8 329.9 365.1 684 1606.7 2539.2 2588.4 3195.8 3261.8 3419.6
 40.1 46.7 62.9 457.1 1644.8 2548.6 2741.4 3128.2 3194.3 4662.8
 176.4 539.9 550.7 869.1 1980.9 2166.5 2621.6 2762.1 3539.9 4131.8
 296.1 308.9 319.3 1149.8 1656.4 2473.8 2523.2 3236 3301.4 3458.6
 205.1 249 259.2 880.4 1685.5 1819.5 2824.7 3337.3 3578.8 4645.4
 124.1 133.7 768.7 1297.7 1367.5 2537.5 2724.4 3057.8 3123.3 3118.2
 289.2 650.5 661 1210.1 1228.7 2548.7 2881.4 3412.4 3478 3633.6
 231.9 243.8 586.4 1045.7 1572.1 2565.1 2819.3 3416.8 3482.5 3639.3
 71.2 77.59999999999999 823.4 1215.5 1943 2118.1 2526.2 3405.1 3470.8 3627.3
 289.2 302.1 311.4 367 1594.5 2463.4 2677.3 3196.5 3876.3 4032.9
 69.09999999999999 148.8 374.2 1240.1 1258.3 2327.5 3048.2 3187.8 3876.8 4033.4
 224.5 237 360 1640.4 1693.9 2246.3 2907.1 3467.3 3532.7 3689.8
 79.09999999999999 97.40000000000001 305.6 582.4 600.8 2128.7 2854.1 2993.8 3208.1 4045.8
 40.9 138.9 341.2 843 861.7 2514.5 2563.5 3271.7 3337.2 3494.4
 88.90000000000001 200.5 397.6 619.6 638.4 2355.2 2890.1 3101.2 3319.2 4359.1
 139.6 286.3 295 1230.2 1265.8 2641.4 2729.4 3649.4 3715 4443.7
 209.9 333.5 342.5 1016.8 1604.1 2170.8 2956.2 3095.9 3161.5 3795.3
 123.8 334.8 343.9 846.5 1807.3 2692.4 2784.1 3079.6 3299.5 3456.8
 114.8 124.3 631.6 794.9 1047.4 2362.4 2411.3 3787.5 3853.1 4211.4
 119.6 129.4 135.5 946.8 1469.8 2542.7 3041.8 3537.2 3966.6 4123.8
 141.4 152.2 372.4 1236.3 1255.3 2354.1 2659.8 3319.4 3385 3542.2
 208.2 287.2 295.4 1013.6 1137.3 2218.5 2267.4 3812.9 3878.5 4512.3
 222.6 342.3 835.3 877.7 897.1 2498.1 2547.1 2686.5 2752.2 3545.3
 135.8 146.5 152.8 217.3 1340.5 2318.3 2757.5 3682.6 3748.3 3910.1
 260.5 440.9 692.2 774.9 794.1 2603.4 2652.4 2791.9 2857.6 3018.8
 49.9 270.4 278.2 944.3 963.6 2081.7 2130.8 2418.2 2484.8 2641.9
 117.4 310.8 318.8 1505 1524.4 2398.2 2447.3 3353 3560.4 3963.8
 141.1 206.7 324.8 1184.5 1794.9 1893.9 2514.2 3370.4 3795.2 3952.5
 276.5 301.5 309.6 334.6 1755.6 1832.2 2845 3218.5 3607.5 3765.5
 88 340.8 349.1 596.5 1367.3 2566.5 2804.8 3218.9 3285.6 3443.7
 60.8 113.3 119 421.3 903.2 2667.4 2760.5 3406.1 3472.8 3962.8
 165.5 200.3 496 756 1203.5 2584.9 2701 3422.6 3489.1 4326.4
 419.2 445.4 453.9 826.6 894.5 2201.7 2436.9 3066.8 3133.6 4924.3
 137.4 148.4 378.9 1420.8 1439.7 2418.7 2611.4 3631.5 3698.1 4106.1
 40.1 71 283.7 1193.5 1471.5 2363.6 2812.4 2951.2 3357.7 3737.7
 116.5 419.6 740.9 767 1916.9 1993.2 2042.2 2858.5 2925.1 3664.2
 40.1 255 364.5 1696.1 1902.4 2287 2391.4 3112.5 3179.1 4009.2
 40.1 40.1 347.7 1526 1597.6 2034.5 2659.2 3638.2 3704.6 4070.5
 41.6 236.8 244.3 1254.9 1274 2350.1 2399.2 3565.7 4105.4 4262.1
 40.1 48.3 51 699.8 1657.5 2228.5 2277.6 3342.9 3409.1 3782
 40.1 307.6 340.4 1604.4 1878.5 2488.3 2537.4 2676.2 3327.5 3827.7
 291.9 306 382 518.4 1915.1 2280 3012.5 3277 3556.4 4052.3
 560.2 672.7 681.4 1011.2 1029.8 2295.6 2880.7 3153.4 3219.4 2725
 40.1 40.1 322.2 389.9 966.4 2736.3 2785.4 2924.4 3848.1 4331.6
 150.9 965.6 1055.7 1151.8 1544.4 2328.2 2416.8 3314.5 3527.7 3949.7
 90.5 352.1 360.5 988.9 2092.8 2495.4 2544.5 2751 2816.7 4014.9
 63.4 103.2 108.6 1019 1803.5 2344.6 2393.8 3269.2 3335 2586.3
 125 334.9 343.4 1278.2 1781.9 2246.7 2417.4 3469.8 3535.6 3023.3
 112.4 121.7 753.2 779.1 797.5 2669.2 2718.4 3437.4 3503.2 3659.1
 192 394.2 402.5 458.3 1175.6 2749.8 2799.1 2937.8 3003.7 3746.4
 190.7 308.4 316.5 859 1250.1 2843 3271.8 3739.2 3805 3961.5
 60.5 66.40000000000001 357.9 1215.1 1530.4 2889.6 2938.8 3077.5 3478.9 3929.6
 338.7 352.6 1061.7 1088 1185.2 2102.5 3093.7 3232.4 3298.1 3454.7
 99.5 108.3 575.8 798.1 1509.2 2570.3 2619.4 3637.6 3703.3 3901.8
 40.1 40.1 40.1 40.1 40.1 3085 3134.1 3470.7 3536.4 3971.4
 136.5 311.3 921.4 1231.5 1249.9 2375.2 2876.3 3197.6 3263.4 3420.1
 40.1 40.1 40.1 963.6 1046.2 2377 2465.6 3844.2 4219.2 4375.9
 40.1 140.4 347.1 373.1 1279.4 2381.9 2911.3 3693.5 3759.2 3916.5
 169.7 332.6 339.9 1096.9 1745.3 2049.5 2649.1 3413.8 4036.6 2991.6
 186.2 633.5 641.2 1255.9 1607.5 2643.1 2692.1 2918.4 3397.1 3765.1
 118.7 528.8 536.6 651.2 1666.4 2513.4 2910.5 3402.7 3468.3 4462.4
 63.8 221 662.9 1638.1 1913 2305.6 2576.8 3348.5 3414.2 3866.1
 78.2 490.2 914.7 1142.1 1279.2 2063 2912.9 3051.5 3666 3823.6
 128.5 341 1022 1423.2 1546.2 2534.7 2763.7 3080.4 3146 3782
 166.5 232.7 239.1 1533.2 1551.8 2496.4 2840.1 3080.9 3146.5 3681.5
 61.3 362.6 369.7 674.4 1508.2 2437.5 2486.6 3251.4 3317 4512.8
 333.6 446.8 454.1 889.4 1164.6 2569.9 2716.3 3518.4 3584 3741.1
 82.2 89.59999999999999 93.8 1316.6 1677.9 2332.4 2616.3 3395.7 3461.3 3829.4
 226.9 331.2 338.4 1430.6 1449.3 2560 2783.6 3304.6 3370.3 3527.3
 130.6 174.4 180.5 874.8 1687.3 2217.2 3098.6 3327.7 3393.3 3884.2
