# Created by Octave 3.0.1, Tue Sep 08 20:36:41 2009 PDT <jwawerla@daneel>
# name: prtA
# type: matrix
# rows: 100
# columns: 10
 216.4 437.9 493.9 668.5 706.5 1017.1 1450.8 2089.5 2156.7 2315.7
 227.3 278 741.7 1130.7 1176.7 1311.1 1375.9 1532.6 1601.3 1946.8
 214 590.1 645.6 1070.2 1262.2 2143.4 2401.8 2557.9 2626.5 2648.6
 405 558.3 786.4 987.6 1241.5 1387.4 1681.8 1840.3 1909.3 2933.2
 369.4 901 930.6 1123 1539.7 1817.9 1884.8 2043.7 2112.6 3244.1
 312.6 705.6 1008.9 1120.1 1179.6 1571.4 1637 1715.4 1782.9 2742.3
 67.2 75.3 81.8 625.7 719 1017.8 1257.1 1419.4 1487.2 2972.6
 75.90000000000001 85.5 146.4 303.2 437.1 1416.3 1477.2 2134.3 2202.6 2450.6
 74 83.90000000000001 155.3 327.7 365.8 1396.4 1571.3 1908.1 1976.5 2702.8
 54.8 60.3 63.9 143.6 506.1 1372.2 1738.2 1891.2 1959.5 2180.8
 40.1 40.1 40.1 71.7 461.7 1162.7 1222.7 2281 2349.1 2556.2
 56.4 62.2 66.3 126.4 255.2 1261.5 1322 2047.8 2429.2 2588
 40.1 88.8 94.3 344.6 423.6 1035.8 1183.9 1884 1952.3 2159.6
 72.09999999999999 127.1 134.4 200.9 384.6 978.9 1039.6 1722.4 1807 2014.3
 93.59999999999999 101 158.3 316.9 567 1024.7 1583.2 2262.7 2347.3 2510.1
 40.1 76.09999999999999 81.59999999999999 170.8 202.1 1363.5 1538.4 1691.5 1776.1 3059.6
 56.2 61.3 66 301.5 363.6 936.8 1721.3 1874.7 1959.5 2695.3
 55.6 73.7 79.40000000000001 192.5 226.2 849.6 1226.1 1712.7 1797.5 3451.2
 53 73 77.8 158.6 534.7 828 1352.6 1879.1 1961.3 2158.3
 43.4 48.4 51.4 117.8 432.5 1136.9 1195.3 1564.9 1641.6 3144
 40.1 48.6 78 147.4 462.7 616.2 1021.3 1958.9 2035.7 2228.7
 40.1 61.3 64.90000000000001 167.3 374.1 808.5 866.6 2074.4 2150.2 2809.4
 60.1 66.90000000000001 70.90000000000001 166.5 193.3 878.3 936.4 1524.2 1600 2735.7
 93.59999999999999 103.4 216.2 249.1 584.3 844.6 1396.7 1664.4 1782.9 2742.3
 40.1 40.1 63.4 80.5 455.2 1079.2 1420.6 1888.8 2456.7 2619.8
 59 65.8 70.59999999999999 198.6 425.5 821.5 1367.7 1713.9 2179.1 2338
 50.7 56.3 60.4 106.9 254.1 1010 1066.3 1223.7 1292.2 2698.7
 48.4 76.5 82.5 145.9 168.2 1094.6 1702.1 1860.2 1928.8 2608.3
 60.8 67.5 72.90000000000001 120.9 141.1 721.2 777.3 1692.5 1760.8 1947.8
 58.2 64.2 69.3 158.8 180.9 498.3 553.7 1606.1 1678.3 2339
 40.1 44.3 60.9 73.8 144.9 711.9 840.2 1838.3 2120.8 2121.2
 59.5 65.40000000000001 70.8 133.2 334.7 948.4 1004 1680.8 1752.7 1985.7
 58.4 64.2 69.59999999999999 131.7 193.9 1108.1 1233.4 1561.1 1633 3722
 40.1 40.1 40.1 66.8 122.6 855.7 911.3 1517.1 1588.9 1818.4
 61.8 79.09999999999999 85.59999999999999 162 304.2 881.1 1175.4 1502.3 2382.5 2961.7
 64.8 71.3 76.59999999999999 109 127 763.5 1113.8 1269.2 2136 2370.6
 40.1 45.8 62.3 75.2 166.1 1161.5 1267.7 1831.5 1905.7 2089.5
 66.2 72.40000000000001 77.59999999999999 161.5 200.5 945.5 1056.6 1420.9 1689.5 2273.9
 87.59999999999999 95.5 102 119.4 155.1 1062.9 1171.2 1971 2044 2489.6
 66.59999999999999 133.8 141.5 191.5 213.1 610 1206.2 1670.3 1743.1 2242.8
 40.1 40.1 40.1 76 145.3 1059.6 1165.1 1318.1 1390.9 2574.5
 64.90000000000001 71 76.09999999999999 91 332.1 852.3 907 1477.8 2321.1 2495.5
 58.5 63.8 68.3 125.2 218.1 575.2 629.4 1817.5 1889.9 2063.6
 40.1 40.1 40.1 40.1 46.8 1026.8 1252.2 2028.8 2100.9 2276.7
 40.1 43.8 59.1 71 102.9 790.3 909.2 1507.5 1579.3 2759
 40.8 44.7 47.8 57.6 138.2 662.3 1443.9 1596.9 2319.4 2187.2
 40.1 42.1 45 54.4 63.6 602.2 656 1636 1780.7 2157.3
 45.9 50.4 53.9 126.7 143.9 508.4 1251.2 1727.4 1895.2 2054.4
 66.7 73.09999999999999 78 203.1 224.1 719 1045.1 1930.5 2001.5 2696.5
 76 83.2 88.7 106 120.8 829.4 883.5 1224.1 1857.1 2034.8
 78.59999999999999 86.09999999999999 91.90000000000001 109.8 143.5 656.1 1114.5 2058.7 2129.7 2307.8
 67.3 74 79.40000000000001 194.9 214 828 1100.3 1255 1969.2 2148.9
 68.09999999999999 75.09999999999999 80.59999999999999 225.7 295.1 783.9 838.3 1181.8 1913.5 2091.1
 40.1 42.3 45.5 55.6 64.40000000000001 766 1124.5 1725.8 1796.5 1973.6
 40.1 40.1 72.2 120 135.5 835.8 1126 1701.1 1768.6 2516.1
 56.2 62.3 67.2 147.7 456.7 746 800.6 1587.2 1658 2479.1
 56.3 62.5 67.5 99.2 113.3 633.4 1042.8 1198.2 1269.1 1982.1
 40.1 53.7 58 71.2 182 389.7 1371.2 1526.7 1597.5 2943.9
 83.09999999999999 91.7 98.8 182.6 359.4 821.8 876.6 1032.2 1614.3 1787
 40.1 76.3 82.59999999999999 166.4 322.9 775 1184.3 1640.7 1980.2 2152.9
 55.6 61.8 66.90000000000001 114.9 149.8 852.2 1309.5 1466.2 2413.8 2586.3
 47.3 63.5 68.7 84.5 135.1 713.9 768.7 2028.3 2579.4 2738.1
 40.1 54.8 59.4 73.3 84.90000000000001 993.6 1307.8 1716.1 1788.4 2273.2
 64.7 72 77.8 152 207.7 941.9 1301.5 1459.7 1532 1704.4
 40.1 40.1 40.1 74.59999999999999 107.2 1191 1639.6 1746.3 1821 1983.9
 40.1 43.3 46.7 58.3 68.09999999999999 510.4 1046.2 1775.3 2416.9 2639.5
 40.1 65.2 70.40000000000001 87.09999999999999 233.6 775.1 830.1 1558 1630.3 2664.7
 55.4 61.5 79 126.9 144.2 826.5 1205.2 1363.8 1975.1 2175.9
 48.6 54.1 58.6 73.5 204.9 912.4 967.7 1830.3 2101.9 2346.4
 63.2 70.2 76.2 123.6 276.4 817.7 1238.8 1765.8 1836.3 2257.6
 58.2 65 70.3 130.7 204.1 939.2 1154.9 1313.6 1997.7 2165.7
 40.1 40.1 40.1 95.3 110.1 908.1 1413.1 1572.1 1644.1 1812.3
 57.1 63.9 69.09999999999999 217 344.6 792.8 1401.8 1926.4 2067 2226.1
 40.1 86 92.59999999999999 145.5 164.1 831.9 887.6 1770.3 1844.2 2012.6
 57 64 69.2 224.3 246.2 770.2 826 2216.2 2290.3 2899.4
 80.3 146 155.3 202.7 224 730.8 1529.1 1688.7 1762.9 1931.6
 40.1 40.1 86.2 200.5 435.5 937.1 1064.7 1916.2 1990.5 2157.2
 93 104.1 170.3 216.8 261 794.8 979.4 1755 1829.2 1995.6
 49.8 56.5 61.3 77.90000000000001 606.6 826.8 1074.6 1658.2 1732.5 2940
 40.1 44.6 48.5 61.9 72.7 783.9 840.1 1624.5 1698.8 1863.1
 75.2 84.90000000000001 91.8 253 438.5 723.1 1018.3 1983.6 2058.1 2222.5
 40.1 90.40000000000001 97.7 386.2 456.4 794 1158.8 2008.2 2306 2470.5
 69.40000000000001 89.90000000000001 97.3 209.9 232.6 327.5 776.5 1833.5 1908.2 2072.8
 49.2 56 61 206.6 473.9 575.7 845.6 1741.9 2039.7 2204.3
 40.1 45.4 49.6 118.4 137.1 1208.2 1265 1791.1 2433.2 2595.5
 50.9 58.2 63.2 115.1 193.3 781.3 838.1 2384.8 2828.2 2990.2
 82.59999999999999 94.2 115 141.5 253.2 1100.9 1157.8 1317.1 2007.8 2169.8
 47.7 108.8 165.3 251.7 568.8 1410 1467 1645.9 1720.7 1880.7
 86.3 110.2 130.7 159.8 281.1 948.2 1183.8 1654 1728.6 1937.2
 40.1 40.1 40.1 196.9 221.6 1039.5 1096.7 1700.2 2030.4 2981.8
 40.1 90.59999999999999 97.2 257.9 284.4 1242.4 1464.7 1939.3 2014.2 2646.2
 40.1 47.9 51.7 67.59999999999999 126.6 1186.6 1243.8 1767.6 1842.5 2006.6
 49.9 56.9 61.6 147 427.9 622.4 798.6 2053 2129.5 2687.5
 57.7 65.8 71.2 110.3 129.2 916.9 1299.1 1996.7 2073.4 2237.1
 59 67.40000000000001 72.90000000000001 415.2 513.2 1041.7 1099.3 1671.5 1748.2 1911.9
 40.1 48 51.8 197.9 266.8 762.5 820.1 978 1054.5 2002.1
 72.5 82.3 114.5 198.9 321.4 937.6 995.3 2000.1 2067.3 2226.3
 67.90000000000001 77.40000000000001 122.7 152.5 491.6 868.7 1512.4 1820.8 1897.4 2058.9
 40.1 47.6 102.5 193.6 349.5 1160.6 1218.5 1757.2 1875 3151.3
 66.40000000000001 75.7 139.9 223 249.1 638.9 1010 2086.9 2162.9 2976.7
