# Created by Octave 3.0.1, Wed Sep 09 02:51:31 2009 PDT <jwawerla@daneel>
# name: prtA
# type: matrix
# rows: 100
# columns: 10
 310 392.6 555.7 864.7 918.2 1563.7 1629.3 1786.8 1855.6 2116.4
 530.8 621.1 736.1 842 1040.7 1596.8 2137.5 2676.2 2745 2905.5
 417.1 777.8 913.5 1226.4 1285.7 1664.1 1731.8 1891.1 1960.2 2984.3
 596.3 709.2 749.4 1141 1391.5 1699.7 1767.5 2569 3160.4 3321
 57.5 94.09999999999999 89.59999999999999 611.4 794.2 1249.8 1312.3 1739.6 1807 3397.5
 65.09999999999999 77.09999999999999 80.3 202.5 648 1269.5 2090.6 2441.5 2509.9 2648.6
 40.1 40.1 174.4 227.3 509.3 1110.4 1615 2024.9 2879.8 3202.5
 43.6 66.09999999999999 69.09999999999999 125.3 772.1 965.6 1471.8 1626.8 1695.2 3018.5
 53.4 75.90000000000001 79.90000000000001 486.1 608.6 1313.1 1374.2 1894.6 1961.9 2121
 40.1 40.1 40.1 327.6 595.2 1182.3 1242.1 1395.4 1769.2 2622.7
 69.90000000000001 106.4 111.6 287.8 699.5 1249.6 1677 1830.3 2048.1 2134.2
 63.9 73.7 77.59999999999999 357.7 451.9 1411.4 1715.7 1989.2 2067 2226.1
 55.2 63.9 67.5 614.8 647.6 1077.7 1137.4 1713.7 2319.1 3041.3
 81.2 156.2 163.5 437.7 497.3 770.1 1068.4 2054.4 2121.6 2280.6
 70.40000000000001 80.3 85.3 135.5 581.2 1122.4 1181.9 2142.4 2213.4 2422.9
 65.7 75.3 121.1 216 302.9 1165.7 1225.4 2005.9 2076.9 2286.5
 40.1 61.2 65.90000000000001 110.6 131.8 1641 1700.4 2113.2 2207.4 2366.3
 59.3 105.9 113.2 570.8 602.4 1204.4 1264 1982.4 2049.6 2735.5
 51.2 57.8 62.4 203.3 256.6 959.4 1098 2096.9 2167.3 2361.7
 85.59999999999999 96.5 117.3 150.7 268.2 1127.4 1186.7 1349.5 2035.2 2223.7
 52.4 59 63.9 177.5 275.9 803.7 862.9 2422.7 2861.2 3049.7
 90.5 101.3 216 258.1 593.1 1260.4 1410.7 1699.8 1769.3 2760.6
 67.40000000000001 76.2 133.3 353 384.6 977.7 1037.2 1739.5 1809.1 1996.4
 49.3 109.5 165.9 256.5 577 1425.9 1484.7 1662.2 1729.7 1910.1
 69.8 77.5 83.59999999999999 220.9 311.1 1376.5 1434.9 2103.8 2171.4 2359
 40.1 40.1 77.7 162.3 186.2 1008.2 1394.7 1681.9 1749.6 2713.6
 40.1 44.4 47.9 63.1 76.40000000000001 647.5 705.7 2057.7 1679 1856.9
 49.2 66.59999999999999 71.8 130.3 152.1 750.3 1425 1595.9 2579.4 2738.1
 59.1 66 71.2 233.6 260.6 794.7 1018.1 2253.7 2330.2 2950.7
 50 56 60.5 177.8 202.8 1354.6 1412.6 1582.4 1658.9 2942.2
 40.1 88.8 95.09999999999999 255 282.4 1242.6 1465.6 1991.6 2058.9 2681.7
 66.3 74.2 91.8 145.6 435.3 858.4 916 1831.4 1935.3 2094.5
 49.4 66.59999999999999 71.09999999999999 124.2 144.9 728.9 786.5 1724.8 1800.1 1976.2
 56.3 63.2 67.59999999999999 119.1 201.3 873.1 1332.5 2389.7 2464.4 3060.8
 56.8 63.5 67.59999999999999 102.9 121.3 1008.8 1065.7 1240.3 1314.1 3259.1
 40.1 89.7 94.5 188.6 407.3 790.2 1155 2016.5 2313 2485.4
 66.8 74.7 78.90000000000001 197.7 221.2 891.8 1116.7 1930.7 2007.1 2177.5
 56.5 63.4 67.09999999999999 129.7 422.2 1014.1 1070.1 1654.5 1730.9 1896.4
 40.1 55 58.3 72.90000000000001 127.5 1139.2 1267.7 2011.1 2087.4 2542.2
 57.3 64.3 68.09999999999999 145.6 224.2 587.6 643.5 1847.4 1923.7 2089
 40.1 45.2 48 75.90000000000001 167.9 1217.1 1273.1 1851.5 1927.7 2093
 65 134.1 140.8 196.7 281.1 626 1224.1 1706 2099.8 2265
 40.1 43.8 46.6 58.4 70 518.3 1055.2 1836 1904.1 2072.8
 40.1 40.1 40.1 40.1 76.59999999999999 847.9 903.5 1524.8 1599 2565.7
 75.90000000000001 83.5 88.2 108 125.7 842.9 1086.2 1255.2 1891.4 2116.4
 49.5 54.7 58 147.1 296.6 871.6 927 1818 1891.7 2588.4
 48.5 53.4 56.4 70.40000000000001 151.5 591.9 765.8 2102.6 2169.7 2721
 40.1 43 45.4 56.8 67.3 768 823.1 1616.2 1692.8 1861.3
 40.1 45.2 47.6 59.6 157.3 938.1 1084.1 1758.3 1834.5 2002.4
 40.1 44.7 47.1 58.6 69.3 1024.5 1207.9 1738.5 1814.3 1981.9
 79.8 87 91.59999999999999 125.6 144 1115.1 1169.7 1335.6 1411.1 1578.3
 48.8 53.6 56.7 101.1 242.8 833.2 1044.8 1206.6 1280.9 2665.6
 64.2 70.5 74.5 160.1 198 942.9 1053.9 1426.2 1698.1 1863.7
 55.7 61.2 64.8 96.09999999999999 111.3 879.6 1135.3 1420 2034.2 2199.8
 40.1 40.1 40.1 99.5 248.3 918.3 972.9 1980.8 2048.1 2207.2
 40.1 40.1 69.8 86.2 153.9 798.3 984.2 1323.8 1400.2 2902.1
 48.1 53 56.2 128.7 432.6 548.9 603.5 1714.9 2014.1 2176.7
 40.1 44.6 47.3 58.9 200.5 728.2 783.1 944.5 1020.7 2134.2
 56.1 62.1 65.7 138.1 317.7 578.7 845 1685.1 1761.4 2266.3
 64.90000000000001 71.8 76 150.7 207.4 943.7 1303.8 1465.4 1541.7 1702.1
 40.1 43.2 45.8 57.3 124.2 614.8 1239.6 2413.9 2480.7 2639.5
 57.1 63.4 67.59999999999999 130.6 148.7 940.5 995.9 1681.7 1826.5 1985.7
 45.4 50.6 54 130.1 148.5 520.3 1264.5 1827.9 1895.2 2054.4
 40.1 76.8 81.90000000000001 159.2 298.5 874 1168.3 1506.6 2391.1 2899.6
 40.1 40.1 40.1 93.7 109.1 907.1 962.8 1575.4 1651.5 1809.6
 40.1 44 47 74.90000000000001 145.3 714 842.8 1849.1 2135.8 1966.7
 84.3 94.5 125.7 150.8 267.9 930.1 1164.4 1637 1713.1 1937.2
 62.7 70.7 75.8 171.5 338 864 919.9 2047.4 2346 2502.2
 80 146.2 154.7 198.9 221.3 727.9 783.9 1685 1762.6 1918.7
 64.2 72.3 135.5 190.8 233 614.3 670.4 2059.9 2137.5 2947.8
 40.1 45.1 48.8 60.9 188 921.4 1167 1544.2 1621.6 2400.1
 78.8 88.09999999999999 94.8 132.8 152 675.4 1414 2085.1 2162.5 2316.6
 93.5 104.7 170.6 214.2 259.6 793.9 978.5 1753.5 1831.1 1985.1
 40.1 40.1 40.1 42.9 50.9 1047.6 1581.2 2057.3 2132.8 2286.8
 55.9 63.9 69.09999999999999 161.4 182.4 858.1 914.5 1511.7 1587.3 2057.7
 47.7 65.90000000000001 71.3 181.8 225.6 718.1 972.9 1523.3 2094.1 2248.1
 40.1 40.1 63 78.2 224.7 787.3 843.4 2059.6 2136.7 2291
 40.1 56 60.5 127.1 145.3 1093.6 1379.7 1844.1 1921.3 2075.6
 40.3 57.6 62.2 77.7 135.1 1139.4 1327.7 1735.1 1812.3 2278.9
 71.8 81.40000000000001 113.8 137.3 213.7 922.6 979.2 2000.1 2067.3 2226.3
 41.1 46.8 51 63.8 192.6 688.1 1472 1629.5 2357.7 2006
 40.1 46.9 102 186.7 339.1 1146.7 1203.5 1740.2 1815.4 1970.1
 40.2 80.2 86.5 291.1 337.4 798.6 1209.8 1937.3 2012.6 2855.5
 40.1 82.40000000000001 89.09999999999999 170.8 398.6 998.6 1055.5 1911 1978.3 2137.5
 40.1 90.09999999999999 97.7 151.1 172.1 847.4 904.3 1787.3 1862.7 2017.3
 70 79.90000000000001 152.3 289.7 337.3 816.8 1062.2 1882.8 1958.3 2112.9
 70.2 92 99.8 210.1 234 331.5 781.2 1836.7 1912.1 2068.5
 40.1 40.1 40.1 67.59999999999999 125.1 1138.7 1195.9 2049.2 2384.6 2543.5
 40.1 45.8 49.6 61.4 73.3 1043.6 1504.1 1762.9 1837.4 2049
 86.3 98.5 155.5 245.2 389.9 988.8 1388.1 1700.5 2351.3 2510.1
 40.1 72.59999999999999 78.40000000000001 130.1 313.6 1103.5 1160.7 1640.8 1717 2467.4
 48.3 79.40000000000001 85.7 151.1 173.1 1102.9 1711 1868.3 1942.7 2591.2
 40.1 61.6 66.59999999999999 82.7 455.7 1077.7 1418.4 1888.3 2310.3 2470.3
 58.8 68.2 73.7 140.8 392 1128.1 1255.2 1586.8 1716.8 3770.3
 50 70.09999999999999 75.8 164.8 255 1031.1 1088.6 1246.2 1705.7 2349.6
 69.5 80.3 176.3 222.5 247.7 759.6 1406.9 1980.5 2570.1 2729.8
 67.7 78.59999999999999 84.7 305.1 332.2 545.6 1404.8 1858.9 1931.8 2091.5
 59.4 69.3 74.90000000000001 173.7 391.3 525.9 1481.4 1637.5 1710.4 2602.6
 40.1 49.2 80.5 150.9 462.6 614.4 1018.6 1961.6 2034.6 2235.6
 89.09999999999999 102.8 110.4 153.5 224.3 1157.7 1916.2 2063.1 2395.1 2553.9
