# Created by Octave 3.0.1, Wed Sep 09 21:29:04 2009 PDT <jwawerla@marvin2>
# name: prtA
# type: matrix
# rows: 100
# columns: 10
 419.4 484.9 594.2 1221.6 1270.7 1767.9 2392.7 2548.7 2617.3 2777.6
 263.4 456.7 752.9 1017.7 1511.1 2246.3 2311.9 2905.9 2974.6 2956.5
 392.1 610.2 708.9 1232.3 1287.9 1789.8 1856.5 2015.1 2084 2244.6
 348.8 754.7 794.2 1249.7 1605 2020.3 2087.8 2927 2996 3156.7
 373.1 775.1 890.3 1237.2 1298 2412.8 2480.1 2987.7 3056.8 3217.4
 591.5 830 870 1433.7 1494.4 1646.8 1714.8 1831 0 0
 691.9 751.3 792.8 1525.6 1586.1 1738.6 1806.6 1699.2 1766.7 3259.1
 193 902.8 934 1287 1344.1 2056.9 2408.4 2566.8 2635.8 2796.4
 254.4 315.6 1069.9 1163.2 1221.1 1366.4 2038.3 2197 2266 1985.7
 40.1 40.1 46.3 804.4 1057 1671.4 2051.8 2208.9 2277.7 2438.1
 94.2 140.1 157.2 751.6 852 1565.8 1778.7 1936 2004.8 2165.3
 69.3 119.5 127.7 263.2 680 1215 1279.1 2007.2 2074.4 2233.4
 79.2 147.2 156.8 431.6 750.4 1469.6 1756.6 2193.7 2262.4 2479
 65.8 129.6 133.1 432.2 551.1 1376.7 1630.4 2130.2 2198.8 2395
 87 98.3 99.90000000000001 413 897.4 1162.4 1225.6 1931.4 2000 2196.3
 60 68.90000000000001 70.3 332 372.6 1424.3 1487.7 1647.1 2060.3 3015.5
 70.8 81.09999999999999 82.8 640.2 681.6 1005.9 1459.4 2113.3 2181.9 2376.3
 71.59999999999999 125.1 144.6 279.3 562.5 1483.8 1547.1 1943.6 2012.2 3024.3
 113.1 128.4 131.1 758.3 840.3 1018.5 1082.2 2037.5 2106.2 2300.5
 144.7 162.3 165.6 340 935.6 1330.5 1394 1747.7 1816.3 2414.4
 61.3 97 102 482.8 662.1 1090.5 1168.2 1319.6 1387.4 2739.5
 64.8 69.2 74.09999999999999 346.5 380.8 1400.7 1839.8 2010.5 2078.9 2257.8
 55.1 59 63.4 208.3 265.6 971.1 1123.9 2118.2 2186.6 2365.6
 71.5 76.40000000000001 81.90000000000001 473.4 665.9 917.7 1408.3 2348.1 2416.5 2594.3
 60.1 64.7 69.09999999999999 173.7 201.5 892.9 1400.3 1577.3 1962 2756.1
 53.6 57.7 61.6 83.2 618.9 1166.3 1366.6 1790.2 1858.5 2790
 86.7 92.09999999999999 97.5 145.8 170.4 1113.9 1671 2145.8 2214.1 2386.6
 55 58.9 62.7 174.1 271.2 795.5 862.7 2420.5 2857.2 3028.2
 53.3 57 74 97.09999999999999 207.1 817.3 1198.5 1739.6 1807 3397.5
 68.8 74.40000000000001 105.4 134.6 370.4 1215.3 1281.1 1807.1 2150.3 2329.7
 42 105.4 110.8 405.9 546.9 960.3 1226.3 1664.1 1731.8 1891.1
 43.1 46.9 49.7 65.09999999999999 393.8 1025.6 1089.6 2237.4 1805.8 2783.4
 40.1 71.8 75.8 150 629.7 965.9 1029.5 1377.1 1439.9 2953.5
 54.9 59.9 63.2 290 343.6 903.7 967.3 1859.5 1922.4 2625.4
 53.3 70.5 74 147.5 484.4 794.1 1320.5 1861.5 1924.7 2098.1
 84 91 95.3 119.9 141 871.5 1121.8 1851.2 1914.4 2088.9
 40.1 40.1 40.1 192.1 217.3 973.9 1094.6 1707 2859.4 3017.9
 63.8 68.7 72.7 169.7 193.1 860.7 1106.5 2372.2 2441.4 2619.2
 53.4 57.5 61 77.7 610 831.6 1084.1 1673.3 1742.5 2963.2
 40.1 40.1 40.1 99 117 922.9 1433.1 1598.9 1668.1 3227.5
 59.8 64.59999999999999 68.5 120.3 202.9 872.8 1335.4 2429 2495.9 3074.2
 85.59999999999999 92.40000000000001 109.7 134 235.8 1134 1193.3 1358.4 1426.3 1652.1
 40.1 40.1 40.1 80.5 154 1126.8 1185.8 1349.8 1417.7 2530.6
 40.9 44.4 47 58.9 70.5 833.1 1493.3 1757.9 1825.7 1993.1
 48.9 53 56 134.3 176.8 528.5 1275.7 1762.1 1829.8 1996.9
 40.1 47.1 49.8 187.4 254.9 742.6 801.2 963.6 1031.4 2235.6
 40.1 40.1 61.5 76.59999999999999 219.7 892.9 1393 1866.9 1643.3 1810.7
 40.1 44.9 47.4 75.09999999999999 145.8 711.3 841.6 1851.4 2199.5 2060.1
 40.1 47.2 49.8 125.1 163 946 1094.5 1766.6 1831.3 2065.8
 68.2 73.5 134.8 190.8 232.9 610.5 667.8 2147.3 2857.7 3016.1
 71.8 77.59999999999999 81.90000000000001 279.2 325.2 795.7 1041.3 1868.3 1933.1 2095.8
 40.1 40.1 40.1 74.2 107.4 1190 1640.2 2031.5 1393.6 2972.6
 59.2 63.4 66.90000000000001 98.59999999999999 113.7 882.5 1140.1 1425.9 2031.2 2193.3
 66.8 71.40000000000001 75.3 109.2 125.4 758.3 1109.8 1270.2 1337.8 2292.2
 49.9 106.5 159.7 185.1 261.5 836.8 1440.4 1600.9 1872.9 2044.1
 51.6 55.4 58.8 72.09999999999999 365.5 592.9 768.3 2023 2091 2721
 85 147.7 154.6 179.6 218.7 720.1 776.7 1678.8 1746.8 1914.2
 58.5 63 79.59999999999999 125.7 143.7 824.2 1204.4 1363.5 1970.4 2521.8
 70.09999999999999 75.7 80.3 197.1 218.4 835.6 1110 1267.9 1981.6 2225.8
 41.1 56.1 59.8 73.2 105.9 797.3 918.2 1521.9 1592.2 2763.6
 96.7 104.2 167.9 210.1 232.4 783.5 968.7 1743.6 1813.9 1981.4
 40.1 40.1 48.8 137.8 156.9 582.4 639.2 1931.8 1999.8 2167.2
 40.1 40.1 75.3 152.6 172.9 980.4 1365.7 1639.1 1707.1 2314.8
 59.7 64.8 69 161.8 182.7 498.6 555.4 1613.2 1681.2 1844.7
 40.1 40.1 84.59999999999999 177.4 256.4 930.2 1059 1911.9 1979.9 2207.2
 60.5 66.40000000000001 70.90000000000001 119.7 138.7 713.5 770.9 1690.7 1758.9 1921.7
 40.5 66.90000000000001 71.3 88.59999999999999 545.2 782.7 840.2 1645.7 2187.1 2726.9
 40.1 43.6 46.5 58.7 70.2 624.3 681.8 1674 2094.3 2742.3
 41.3 45.5 48.5 61.3 190.8 922.8 1170.2 1552.6 1620.9 3151.3
 70.3 88.3 93.90000000000001 184 225.5 316 765.5 1824.3 1892.1 2117.1
 58.3 64 68.2 131.9 424.9 1015.9 1073.3 1720.1 1787.5 1946.8
 66.3 72.7 77.40000000000001 240.1 316.3 520.3 1379.1 1906.6 1974 2133.1
 85.59999999999999 93.40000000000001 99.2 237.5 381.2 799.4 1030.9 1692 2351.3 2510.1
 49.6 65.8 70.40000000000001 87.7 177.6 1011.3 1068.9 1232.7 2003.9 2721
 48.9 64.59999999999999 69 86 139.7 724.2 781.6 1563.1 2025.5 2676
 87.3 94.59999999999999 125.4 150.6 268.3 929.6 1165.5 1641.2 1710.7 1873.4
 76.59999999999999 83.2 88.7 195.1 431.9 714.3 771.8 1980.4 2049.9 2212.6
 87.40000000000001 95 101.2 140.9 184.2 1076.9 1188.4 2000.2 2069.7 2499.2
 40.1 40.1 73 124.2 143.6 1089 1146.8 1634.8 1704.4 1867.1
 40.1 88.8 94.7 188.8 406.2 787.3 1153.5 2007.7 2298.4 2461.2
 85.5 93.09999999999999 99.5 251.5 369.7 837.9 896 1573.3 1640.7 1803.5
 66.8 134.1 142.6 199.6 283.9 753.5 1229.7 1704.7 2093.7 2256
 67.09999999999999 73.5 92.09999999999999 143.3 430.5 850.1 908.3 1806.5 1874 2036.3
 65.2 71.59999999999999 77 185.7 357.7 937.5 995.5 1688.9 1822.9 1982.1
 40.1 45.3 48.8 78.09999999999999 170.8 1222.9 1280.9 1852.7 1981.5 2140.6
 66.3 72.8 78.3 156.1 215.4 957.3 1320.3 1483.4 1554.3 1716.2
 57.2 63 67.90000000000001 232.9 607.5 766.9 1103.2 1618 1689 2499.3
 40.1 45.4 98.7 182.7 270.8 1141.7 1198.6 1741.9 1812.8 2349.6
 40.1 40.1 61.8 78.2 362.3 791 848 2070.3 2141.2 2809.4
 57.5 63.6 68.7 104 121.5 1009.1 1066.1 1230.7 1301.6 0
 49.4 54.8 59.3 136.8 468.5 570.8 841.2 1743 2037.1 2197.2
 40.1 40.1 40.1 65.09999999999999 121.2 1131.2 1188.3 2048.8 2330.2 2490.4
 57.9 64.5 69.7 136.1 199 1118.5 1245.5 1584.3 1653.3 3719.9
 59.1 65.90000000000001 71.40000000000001 138.6 342.1 961.4 1018.7 1707 1776 1935.8
 40.1 87.90000000000001 94.90000000000001 165.7 276 1233.2 1455.7 1935.2 2004.2 2631.9
 47.9 75.90000000000001 82 148.2 170.4 1098.2 1706.4 1871.3 1940.3 2590.6
 41.3 46.1 50.2 63.7 194.8 907.3 1477.4 1642.7 2362.6 0
 68.2 76.3 81.90000000000001 216 241.8 751.4 1080.5 1977 2288 2724.5
 87.7 97.8 104.7 242.8 269.6 829.8 1290.1 1661.4 1730.3 1892
 40.1 55.1 59.4 127.5 148.4 1101 1388.1 1856.3 1925.2 2134.2
