# Created by Octave 3.0.1, Thu Sep 10 04:54:10 2009 PDT <jwawerla@marvin2>
# name: prtA
# type: matrix
# rows: 100
# columns: 10
 232 408.5 432.6 765.5 1373.2 1714.6 1776.5 2207.4 2275.5 2435.3
 370.1 593.2 615.4 874.5 924.3 1500.6 1565.2 1721.6 2723.1 2883.2
 257.1 683 829.9 970.6 1102 2054.8 2120.2 2277.6 2346.4 3790.5
 353.8 661 692.2 995.5 1051.8 1706.7 1773.1 1931.3 2000.2 1652.1
 248.8 313.7 712 1660.8 1713.2 1856.7 1923.2 2081.7 2150.6 2117.1
 490.9 817.4 854 1414.9 1768.5 1917 1984.5 2143.7 2212.7 2373.4
 323.2 660.3 896.8 1670.2 1868.2 2175.6 2243.1 2402.3 2471.4 2632.1
 124.9 281.2 653.9 836 1244.2 1748.5 1814.2 1927.5 1993.8 2801.5
 110.2 186.5 624.3 774.7 817.7 953.3 2401.5 2807.9 2874.4 3032.8
 74.90000000000001 147.8 338.7 1065.1 1159.5 1292.9 1357.9 2465.7 2533.4 2727.7
 97 115.6 129.4 879.1 921.8 1376.4 1438.1 2138.4 2206.1 2455.6
 70.2 186 203.5 392.6 1358.1 1489.3 1551.1 2059.4 2127.1 2943.9
 56.3 68.90000000000001 277.3 615.4 659 1617.5 1679.4 2605.9 2673.2 2854.5
 235.9 378.9 447.2 788.6 1005.6 1632.7 1694.5 2284.4 2351.3 2510.1
 140.3 184 226.1 1067.8 1165.1 1942.6 2004.6 2434.5 2510.8 2696.4
 59.1 185.6 431.5 901.9 1134.7 1483.7 1545.3 1707.4 2406.3 3270.4
 172.8 251.3 470.6 867.9 958.3 1850.2 1910.5 2072.7 2147.2 2324.9
 129.8 306.8 349.7 931.9 976.8 1629.5 1690 1852.3 1926.9 2104.6
 73.59999999999999 108.4 122.7 401.8 1319.4 1755.2 2043.9 1374.3 2659.6 2831.1
 84.7 173.8 259.8 999.2 1045 1177.3 1238.1 1803.5 2276 2448.5
 124.6 145.1 588.9 822.4 1123 1324.6 1385.5 1982.4 2049.6 2741.3
 87.8 234.8 632 884 979.4 1290.9 1351.9 2482 2927.8 2972.6
 59.3 186 569.3 671.5 1444.3 1577.7 1638.8 2452.1 2959.3 2138.5
 123.6 309 329.1 1085.9 1133.1 1589.2 1650.2 1813.2 2471.8 2647.7
 111.7 133.7 149.3 847.1 1081.5 1214.5 1836.8 1999.2 2065.5 2240.2
 161 275.1 295.3 1162.4 1264.3 1561.7 1936.5 2566.1 2632.5 2681.7
 58.4 72.59999999999999 186 829.3 1132.4 1711.2 1771.6 1933.7 2000.1 2909.8
 133.2 431.8 550.5 1016.6 1063.9 1610.9 1671.4 1833.5 1900 2702.2
 159.9 304.2 368.4 870.2 1154.3 1284.6 2325.6 2836.3 2902.7 3073
 136.6 159.6 464.9 577.2 622.5 1098.6 1943.1 2103 2169.5 2339.2
 56.5 123.7 137 600.2 1211.7 1337.9 1762.7 2487.3 2554.1 2721.2
 161.1 343.7 406 912.9 1007.3 1221.3 1826.8 1983.8 2050.6 2222
 165.8 325.7 344.3 764.9 1160.9 1587.2 1646 2071.3 2138.1 3001.1
 136.3 153.7 166.9 589.6 1087.2 1757.3 1815.7 1973 2530.4 2694.8
 179.2 390.7 407.3 509.1 784.6 1210.8 1520 2340.3 2407.2 1983.1
 69.59999999999999 120.1 131.3 910.1 1141.5 1332.1 1781.8 2410.9 2477.8 2644.5
 122.8 155.8 225.7 480.6 582.6 1494.6 1551.7 1946.4 2013.4 2138.5
 171.8 207.8 221.3 682.3 719.1 1575.8 1632.9 1789.3 1856.3 2023.3
 180.3 198.8 232.1 281.2 603.7 1318.7 1375.8 2160.8 2881.8 3048.4
 213.2 405.2 420.5 826.1 930.3 1226.4 1285.7 1664.1 1731.8 1891.1
 69.8 134.8 146.2 626.1 705.2 1618.9 1792.8 2158.7 2225.5 2225.8
 175.2 258.4 365.3 449.7 822.4 935.7 992.7 1659.1 1725.9 1877.8
 69.2 79.90000000000001 521 654.4 810.2 1115.1 1595.6 1733.3 2331 2994.4
 68.8 98.40000000000001 107.5 757.2 792.6 972.7 1474.9 1629.4 1696.3 2864.8
 56.2 65 71.5 450.9 705.7 1264 1321 1838.8 1905.7 2072.1
 68.5 79 129.4 849.5 986.8 1360.2 1667 1823.6 2202.8 2815.2
 70.7 166.5 178.3 402.8 471.5 877.4 1816.9 2148.7 2215.5 2838.8
 66.8 203.7 437 506.1 539.7 864.6 920.9 2036 2102.8 2267.8
 70.40000000000001 80.59999999999999 88.2 204 892.8 1306 1362.3 1925.5 1992.4 2157.2
 70.3 80.59999999999999 217.3 533.7 874.9 1428.9 1485.1 2148.6 2217.7 2381.7
 81 170.4 182.1 629.5 826 1265.7 2081.6 2422.9 2489.8 2648.6
 169.2 186.6 198.8 762.1 795.2 1223.5 1279.7 1814 1880.4 2843.5
 78.40000000000001 286 299.5 386.9 771.4 1435.2 1857.2 2012 2078.4 2241.1
 80.2 123.8 134 550.6 689.7 800.4 1614.3 1769 1837.8 2000.6
 78.2 183 216.7 654.4 687.5 996.5 1443 2093.9 2162.7 2325.6
 85.59999999999999 175 331.1 667.2 836.1 1037.2 1418.8 2343.6 2412.2 2576.6
 123.1 136.7 147.4 277.7 308.5 1166.1 1221.9 1376.2 2060.7 2213.2
 77.2 104.5 113.3 319.7 618.6 1081.8 1138 1291.9 2008.4 2623.3
 166.6 250.3 340.8 497.5 530.2 1034.2 1895.5 2049 2117.8 2283.8
 85.7 114.1 123.2 578.6 740.7 1144.9 1201.3 2145.6 2214.4 2380.1
 184.1 217 229.2 731.8 764.5 1002.6 1675 1827.1 1895.8 2707.6
 80.09999999999999 90.8 153.1 596.8 666.4 1321.6 1378.2 1903.7 1972.4 2136.3
 131 145.7 156.6 543.6 820.3 1517.1 1573.8 1874.8 1943.6 2107.5
 120.5 134.7 144.8 267.4 335.7 1213 1269.9 1421.7 1490.4 1655.8
 66.40000000000001 140.8 151.2 506.2 576.8 1226.7 1283.5 2109.1 2177.8 2737.5
 77.8 226.8 239.3 283.9 469.6 1021.9 2144.1 2295.9 2803.4 2968.6
 122.4 137.1 203.5 767.8 840.9 1002.5 1059.2 2008.1 2075.1 2240.4
 174.7 286.4 299.8 446.6 779 1078.9 1135.7 1948.7 2015.6 2637.3
 87.59999999999999 296.8 309.9 357.7 499.5 1412.9 1583.6 1917.6 1984 2627.4
 53.4 61.5 67.2 721.6 755.6 868.1 1549.5 1701.2 1767.5 3277.5
 40.1 43.3 47.5 318.5 815.5 1610.3 1667.5 2134.7 2201 2364.9
 223.1 242.7 255.2 722.3 794.3 1401.6 1576.1 1715.4 1782.9 2742.3
 76.5 135.7 187 516.5 959 1443.7 1500.9 1652.5 1718.8 3789.3
 96.7 232.7 245.3 644.4 827.5 1098.3 1155.5 1307.4 1373.7 2756.2
 83.59999999999999 155.4 166.4 749.1 870.8 1403.7 1574.6 1713.2 1780.7 3091
 41.1 97.5 105.9 168.5 844.9 1452.7 1510 1663.5 1729.3 3255.3
 74 160.4 171.6 246 590.6 1382.5 1439.9 1592.8 1975.1 2759
 77.3 88.59999999999999 134.2 513 705.3 1436.1 1493.6 2039.5 2593.4 2758.3
 61.7 136.1 146.7 473.5 507.7 1310.5 1692.6 1845.5 1911.8 2076.4
 75.90000000000001 164.7 176.4 447.3 481.6 1493.5 1551.1 1704.1 1770.4 2112.6
 79.09999999999999 91 231.6 729.5 764.2 1024.2 1505.6 2138.5 2204.8 2726.9
 102 147.7 158.8 422.9 763 928.3 1560.7 1862.4 1928.7 2094.1
 182.2 201.2 213.9 529.3 605.1 1357.5 1630 2104.5 2170.8 2749.3
 137.9 154.9 166.3 570.3 912.5 1205.4 1573.7 1726.6 1792.9 1937.2
 153.4 189.6 277 741.4 941.9 1324.3 1381.8 1730.4 1796.7 2365.3
 41 191.4 203.6 495 830.6 1118.6 1620 2028.5 2882.2 3045.2
 53.3 62.1 68.2 424.5 504.5 1099 1156.6 1649.8 1719.8 1876.2
 55.1 190.7 203 324 724.9 838.7 896.3 1068 2736.6 2742.4
 142.5 160.4 209.4 757.7 939 1358 1415.6 1568 1634 1776.4
 80.59999999999999 93.3 187.9 567 639 1205.1 1262.8 1747.9 1814.8 3423.6
 138.8 236 459.6 709.7 745.3 1137.7 1388.6 1699.6 1766.5 2576.7
 90.3 139.8 150.4 239.7 661.8 1366.3 1424.5 2452.5 2519.4 3102.2
 55.7 147.2 158.2 718.2 933.9 1512.5 1704.6 1857.3 1924.2 2085.4
 40.1 66.09999999999999 72.7 684.5 866.7 1223.1 1977.2 2340.5 2407.4 2567.1
 173.3 192.8 260.6 605 640.5 1493.4 1551.6 2366.5 2435.8 2349.6
 180.8 217.4 230.7 281.1 725.2 1430.1 1904.3 2275 2615.1 2773.8
 129.2 196.8 319.4 538.6 574.1 1388.8 1638 2134.8 2201.9 2362.5
 156.3 206.7 219.9 797.9 833.6 1166.9 1225.8 2021.5 2088.6 2249.3
 137.7 283.4 297.7 376.2 411.1 1705.4 1764.3 1915.4 1982.5 2671.7
 118.4 135.1 201.7 652.5 931 1207.2 1266.3 2030 2097 2233.4
