# Created by Octave 3.0.1, Thu Sep 10 13:25:28 2009 PDT <jwawerla@marvin2>
# name: gg
# type: matrix
# rows: 400
# columns: 10
 34 40 47 139 202 282 282 293 293 298
 29 38 81 118 118 278 285 294 294 300
 60 81 88 161 201 244 287 298 298 300
 35 35 35 106 248 272 285 285 290 290
 15 88 88 232 236 283 290 290 295 295
 19 34 34 79 79 279 279 286 286 295
 36 36 36 86 215 264 281 292 294 295
 4 10 10 138 141 276 288 288 298 298
 24 36 36 141 245 280 288 298 298 298
 15 17 56 150 211 230 292 295 298 298
 12 35 38 140 162 233 246 294 297 298
 4 42 42 127 132 275 286 295 295 300
 12 12 41 87 187 269 289 289 289 291
 11 22 24 36 137 280 290 294 294 300
 6 6 6 86 88 279 282 284 298 299
 3 3 35 35 171 268 291 291 300 300
 10 15 94 113 113 290 293 298 298 298
 5 25 37 128 133 269 285 298 300 300
 36 88 88 195 203 251 251 291 296 298
 39 39 100 166 192 278 284 291 293 293
 6 6 74 199 226 256 270 300 300 300
 4 35 38 87 242 289 294 295 298 298
 30 42 42 49 49 266 273 294 294 294
 2 2 2 2 2 253 276 297 297 297
 3 3 3 38 168 258 258 295 295 295
 30 32 32 151 215 231 262 275 298 298
 26 46 59 108 217 233 233 284 296 298
 12 25 25 218 251 255 270 295 296 300
 37 37 55 176 176 254 285 295 295 295
 19 19 25 44 106 273 283 287 295 298
 2 2 2 2 226 271 289 293 299 300
 24 35 35 139 142 282 283 298 298 298
 3 3 142 145 145 253 254 291 292 293
 38 38 38 90 166 289 289 292 292 292
 12 12 37 176 218 218 277 295 296 299
 3 3 147 169 169 226 285 295 295 295
 7 7 24 103 175 279 283 296 296 297
 21 61 71 106 106 235 235 292 292 299
 4 36 36 59 79 244 273 298 298 298
 40 88 88 187 202 212 290 291 292 300
 40 40 40 156 194 278 283 297 297 300
 3 3 100 100 136 244 282 290 290 290
 54 65 99 151 246 285 285 296 296 300
 6 77 88 99 101 262 263 294 294 294
 5 37 37 112 175 278 288 295 298 299
 42 46 46 69 69 271 285 295 295 295
 32 32 49 49 90 277 295 298 299 299
 40 56 56 129 129 272 272 298 299 300
 10 11 11 40 40 273 288 300 300 300
 14 88 92 150 167 257 282 286 292 292
 3 3 3 144 209 241 278 293 295 300
 29 32 40 40 43 248 272 289 289 296
 2 2 2 2 4 237 242 293 296 296
 25 94 94 124 133 281 284 286 300 300
 34 34 34 83 148 255 265 288 288 288
 5 67 67 69 215 251 259 269 269 294
 3 27 27 30 179 268 292 298 298 298
 4 34 34 36 36 273 275 294 294 294
 10 35 85 86 86 258 279 289 291 294
 36 36 53 175 216 262 262 289 300 300
 37 37 37 41 66 275 277 298 298 298
 21 27 27 162 210 241 281 296 296 296
 3 3 3 103 106 252 256 281 281 292
 9 9 46 137 140 275 278 281 281 299
 36 36 36 41 208 267 290 295 295 298
 38 41 41 41 179 266 274 298 298 300
 50 51 103 190 255 279 279 287 296 300
 102 111 120 189 212 283 283 297 297 300
 39 90 90 97 215 272 294 296 298 298
 4 38 38 132 224 272 275 296 296 300
 42 42 44 198 201 261 289 298 298 298
 27 34 54 149 173 282 288 293 293 293
 33 33 78 180 204 243 271 290 290 299
 26 58 58 60 60 285 291 291 295 295
 40 43 43 129 158 286 286 297 298 298
 37 88 91 96 215 261 261 293 294 294
 6 35 35 133 204 267 278 284 284 298
 4 37 37 104 161 287 290 292 300 300
 11 68 87 116 116 282 293 293 293 299
 35 56 56 111 239 276 282 283 283 295
 29 41 44 143 175 270 275 295 295 295
 9 58 58 142 229 275 275 275 275 296
 12 13 36 84 190 260 261 298 298 298
 36 81 81 161 208 280 286 286 286 298
 4 5 5 149 213 263 281 295 295 295
 37 84 84 215 236 265 282 299 299 300
 4 84 110 129 149 280 284 292 300 300
 39 39 39 149 152 279 279 279 279 297
 38 45 45 222 241 251 251 290 300 300
 43 43 92 132 132 251 283 284 284 300
 12 40 66 131 144 269 269 297 300 300
 39 47 62 179 265 270 270 290 298 298
 14 14 17 146 195 254 282 289 291 291
 32 44 44 110 165 251 272 292 293 295
 3 3 3 198 198 279 280 295 295 295
 6 8 37 133 159 270 297 297 297 298
 11 26 43 146 150 185 253 294 294 295
 5 5 5 5 5 273 287 292 294 294
 3 3 3 86 238 279 288 299 299 299
 3 3 201 205 239 278 279 284 297 297
 4 10 10 27 27 164 164 192 192 200
 4 36 36 67 98 181 196 196 196 200
 12 21 25 81 81 179 183 196 199 199
 15 15 15 27 30 134 188 189 189 195
 4 14 15 40 40 180 180 187 197 199
 6 6 37 105 109 155 183 191 191 191
 34 35 35 126 130 155 178 179 179 192
 7 8 35 83 96 180 183 197 197 199
 3 3 3 13 140 182 191 198 198 198
 11 32 72 90 117 167 190 199 199 199
 8 82 82 87 96 169 169 194 200 200
 8 10 10 63 139 158 192 193 193 193
 4 11 25 31 81 175 184 191 191 198
 3 3 5 53 101 166 166 190 193 199
 6 9 9 86 122 151 166 174 186 198
 8 8 34 34 34 183 183 198 198 200
 25 36 36 82 109 169 177 188 188 197
 11 13 13 90 120 149 175 181 181 197
 25 41 41 57 64 179 183 183 190 193
 7 76 80 80 110 180 192 192 192 196
 11 26 38 101 146 164 188 195 195 198
 3 3 3 115 134 160 179 183 183 193
 20 22 22 34 162 168 173 198 198 198
 4 6 6 35 44 126 162 195 195 199
 4 23 43 49 138 182 184 196 196 198
 24 24 24 81 81 180 183 197 200 200
 11 23 100 106 109 166 178 190 191 191
 3 3 3 3 51 165 181 192 192 195
 4 4 9 113 147 164 180 197 197 199
 3 3 3 3 3 184 184 192 192 195
 25 25 34 37 65 182 183 190 191 191
 3 3 3 41 41 178 182 186 186 196
 18 18 20 80 80 165 166 180 180 196
 20 33 33 108 111 183 183 193 194 194
 20 23 26 26 82 141 170 191 191 195
 12 12 12 74 117 163 186 190 190 200
 10 32 32 73 117 152 184 193 198 198
 27 27 27 85 96 172 181 193 193 193
 4 6 6 79 116 166 166 199 199 199
 30 34 34 34 36 178 183 190 197 197
 4 6 12 112 112 169 189 191 193 198
 11 24 24 51 139 165 166 186 188 188
 5 8 8 53 53 163 193 193 194 199
 3 3 12 34 77 185 185 185 191 191
 6 8 17 35 51 133 172 188 189 190
 15 30 30 33 117 138 184 186 196 199
 12 22 22 91 91 168 168 196 196 198
 10 12 33 77 77 153 182 186 187 187
 9 11 11 75 84 173 173 192 196 197
 4 11 11 73 83 141 172 195 198 198
 8 14 14 51 114 176 186 196 196 196
 20 30 30 95 95 159 163 195 195 199
 15 24 24 85 86 166 177 177 177 200
 4 13 13 16 105 160 160 186 186 186
 28 29 29 73 73 188 188 188 188 188
 4 5 20 25 82 146 146 200 200 200
 8 19 19 131 131 180 180 197 198 199
 15 15 20 119 126 159 185 196 198 200
 22 30 31 31 31 145 188 192 192 195
 8 8 33 54 54 181 188 192 192 192
 4 5 5 38 76 161 180 192 192 194
 8 16 18 63 91 180 186 194 194 194
 10 46 47 82 82 166 173 173 183 197
 14 14 14 35 128 169 175 197 197 198
 3 3 3 110 111 170 189 189 189 192
 4 11 11 71 135 165 165 187 187 193
 3 3 26 87 151 178 178 179 193 193
 3 3 3 33 142 162 174 183 196 197
 3 3 10 30 104 169 169 189 197 197
 3 3 3 3 62 162 171 194 194 195
 3 3 6 32 158 176 183 183 183 194
 11 30 30 44 66 166 166 190 192 194
 27 67 76 102 102 171 191 191 192 200
 3 3 3 32 82 184 187 187 192 198
 16 16 59 110 115 176 179 196 197 198
 6 8 8 86 128 187 188 189 189 195
 4 8 8 92 157 183 183 196 196 200
 13 14 34 109 139 170 175 194 194 200
 11 11 11 76 76 173 185 198 198 198
 16 20 39 39 41 187 187 187 187 194
 8 31 31 65 91 169 192 198 198 198
 4 5 5 89 114 172 191 191 196 198
 28 40 40 105 105 161 161 196 196 196
 8 9 9 71 104 181 186 196 199 200
 1 1 1 1 1 1 194 196 196 198
 11 13 30 108 113 169 179 196 196 196
 2 2 2 2 90 163 164 194 194 197
 3 3 12 32 32 123 173 192 192 192
 19 19 34 95 101 157 184 194 199 200
 4 33 65 118 122 186 191 192 198 199
 5 35 52 59 59 166 172 191 191 199
 5 5 19 117 161 165 173 189 189 191
 6 9 40 107 109 157 157 183 192 192
 6 33 33 98 128 186 190 194 194 196
 15 21 22 34 139 179 187 195 195 197
 5 24 35 57 114 174 174 191 191 197
 30 48 48 48 86 172 177 199 199 199
 6 7 7 119 146 179 179 197 197 198
 25 25 34 125 127 186 191 197 197 197
 4 12 15 78 135 163 176 194 194 194
 9 17 17 21 25 83 83 91 91 100
 2 2 2 2 52 73 73 85 94 94
 8 8 13 19 45 58 59 92 93 93
 12 12 12 47 48 80 82 83 84 95
 11 17 17 33 40 55 88 88 91 94
 3 3 8 23 23 75 77 84 84 96
 23 23 28 45 47 80 85 86 90 99
 3 3 3 3 7 78 84 91 91 100
 11 11 11 17 31 83 83 90 90 96
 6 6 6 12 23 87 90 92 92 94
 12 12 12 30 34 67 79 94 95 95
 11 11 11 21 25 74 82 98 98 100
 10 12 18 42 42 74 74 89 89 89
 2 2 2 2 3 79 83 89 89 99
 10 10 10 37 41 64 65 76 76 83
 3 3 3 8 29 79 93 96 96 96
 6 9 9 38 43 67 72 87 93 98
 7 7 7 11 11 61 61 95 95 98
 11 12 16 16 35 61 62 98 98 98
 6 6 12 47 63 69 85 85 85 85
 4 11 11 11 18 73 73 91 96 96
