# Created by Octave 3.0.1, Tue Sep 08 12:45:20 2009 PDT <jwawerla@daneel>
# name: prtA
# type: matrix
# rows: 100
# columns: 10
 373.4 496 553.5 1115.9 1230.9 1535.9 1600.4 2091.2 3719.7 3770.3
 397.2 703.5 894.1 1164.2 1284.9 1988.4 2053.1 2497.2 2565.9 2726.2
 447.2 732.6 758.5 917 972.3 1549.3 1615.6 2760.1 2828.8 2989.2
 380.4 464.1 502.5 1453.7 1507.7 1652.7 1719.5 0 0 0
 271.7 561.5 601.6 1464.3 1520.5 1902 1969.1 2128.1 2197.1 0
 469.5 538.2 582.3 912.7 1673.4 2045.3 2113 2272.4 2341.5 2502.2
 84.09999999999999 90.8 337.5 829.1 880.7 1430 1495.8 2422.7 2491.3 2848.3
 137.2 143.7 166.2 749.1 847.6 977.2 1764.4 1921.4 1989.9 2295.6
 70.5 75.2 213.4 844.2 939.8 1773.1 1838.4 2120.2 2187.4 2346.4
 125.9 134.1 238.8 1104.4 1152.7 1284 1349.6 1507.2 1575.8 0
 163 173.8 339.2 763.3 1164.5 1595.8 1661.2 2086.8 2155.4 3152.4
 82.5 95 163 428.8 917.7 1186.8 1250.4 1953.4 2022 2244.4
 82.2 122.1 132.7 766.3 851.2 1032.1 1095.9 2048.1 2116.7 2339
 81.5 150.9 162.8 388.4 867.2 1235.2 1298.8 2434.7 2853.5 3070.5
 77.8 118.8 129.5 644.2 822.5 1276.1 1339.9 2033.7 0 0
 40.1 88.2 97.2 171.3 904.3 1483.6 1547.4 1702.9 1734.7 3255.3
 58.8 69.5 77.09999999999999 648.9 813.9 1134.5 1621.4 1776.7 2379.4 3099.7
 76.3 126.8 138.7 529.9 815.1 1526.3 1588.8 1893 1960.8 0
 40.1 89.3 98.90000000000001 474.1 844.3 1642.2 1840 1980.8 2048.1 2207.2
 74.90000000000001 159.4 203.7 251.7 288.8 1412.3 1890.7 2583.3 2651.1 2846
 60.9 69.09999999999999 74.8 174.9 301.4 1063.8 1125.4 0 0 0
 70.09999999999999 78.40000000000001 85 221.6 252.4 1113.7 1174.4 1999.5 2066.7 2225.8
 88.3 98.09999999999999 105.8 155.3 231.2 1172.5 1232.1 2062.1 2411.2 2553.9
 40.1 47.3 51.5 202 303.6 783.9 843.8 1027.7 1110.4 0
 60.2 66.40000000000001 71.8 128.6 245.6 746.9 1610.1 1758.7 1826.1 1985.3
 70.3 77.8 134.4 297.9 352.7 843.1 1099.7 1941.1 2008.4 2623.3
 50.5 55.3 72.2 93.90000000000001 203.3 811.8 1191.2 1714.2 1793.1 3413
 49.7 54.3 57.9 74.5 194.2 1230.1 1403.6 1583.9 1659.8 2933.8
 40.1 45.2 48 180.8 270.7 1140.5 1201.4 1754.8 1823.6 1990.9
 40.1 43.3 106.2 397.4 425.9 947.5 1008.3 1385 1683.3 1851.6
 40.1 40.1 48 138.6 160.1 590.4 650.8 1955.9 2024.5 2192.1
 40.1 40.1 40.1 76.40000000000001 112.6 1292.3 1658.1 2061 0 0
 67.90000000000001 73.59999999999999 78.09999999999999 166.9 284 960.3 1287.7 1656 1721 2298
 40.1 66.8 71 162.5 184.1 845.8 1089.4 2422.9 2489.8 2648.6
 67.90000000000001 73.09999999999999 77.3 237.6 313.5 516.9 1376.8 1845.4 1915.1 2089.8
 41.7 45 47.8 58.5 140.5 668.9 1454.2 1627.3 2347.6 0
 65.5 70.7 75 90.8 124.8 759.6 1112.5 1285.3 2147 2370.6
 50 54 57.4 69.2 135.3 838.7 1129.1 1832 1901 2075.1
 95.90000000000001 102.8 166 205.3 226.9 775.9 960.9 1744.5 1813.5 1987.5
 40.5 43.8 46.6 56.3 66.3 763.7 820.4 1612.6 1681.6 1855.6
 83.5 146.1 153.3 176.6 215.6 717.3 774.3 1685 1754 1928.5
 40.5 55.1 58.9 71.59999999999999 84.09999999999999 992.4 1308.6 1729.5 2180.2 2783.4
 82.8 89.3 95.09999999999999 128 146.2 322.4 1128.4 1298.1 1369.9 2213.2
 40.1 40.1 60.4 73.59999999999999 214.3 886.7 1386.2 1868 0 0
 48.7 63.9 68.3 82.90000000000001 134.6 714.2 770.7 1556.5 2579.4 2738.1
 40.1 43.6 46.7 57 124.3 614 1240.1 1776.6 2416.1 2594.5
 40.1 43.9 46.9 72.8 143.1 708.2 838 1852.7 2135.8 0
 57.5 62.5 66.90000000000001 97.59999999999999 113.6 989.2 1045.5 1213.1 1287.4 0
 40.1 40.1 40.1 40.1 75.8 842.7 898.6 1614.1 1681.7 0
 87.59999999999999 94.2 125 146.8 263.2 920.6 1155.2 1636.3 1710.8 1937.2
 58.7 63.4 67.8 82.40000000000001 194.2 700.3 756.2 1514.8 2083.6 2256.7
 48.5 104.7 158.6 183.1 260.5 836.5 1439.6 0 0 0
 51.7 56.1 60.1 105.4 179.2 757.1 813.3 2807.9 2874.4 3032.8
 40.1 42.9 46 56.3 66.5 613.3 669.3 2665.9 0 0
 40.1 42.5 45.4 56 66.40000000000001 821.3 1134.3 1822.5 1822.3 2049
 76.2 82.3 87.8 190.8 343 548.7 761.5 1977.3 2045.8 2220.2
 40.1 40.1 40.1 76.40000000000001 146.4 1063 1170.2 1342 1410.6 2525.2
 56.9 61.8 66.09999999999999 145.7 457.1 747.9 804 1605.2 1749.6 2550.9
 69.5 86.40000000000001 92 178.4 218.5 306.4 754.2 1820.3 1890.9 2066.7
 77.40000000000001 83.90000000000001 89.5 108.4 125.2 840.5 1084.7 1252.5 1885 2060.4
 49.8 54.3 58.4 103.3 246.3 839 1052.6 1219.9 1289.8 2685.8
 40.1 85.5 91.40000000000001 157.6 264.3 909.6 1435.5 1918 1988 2633.3
 85 92.3 98.59999999999999 172.1 316.5 793.7 1024.5 1690 2286.8 2464.1
 58 63.2 67.8 217.8 240.5 485.4 818.3 2216 2285.9 2902.8
 40.1 66.7 71.59999999999999 87.8 231.9 934.8 991.3 1336.2 1406.1 2921.3
 59.3 64.7 69.5 127.9 201.7 935.9 1152.7 1319 2074.4 2233.4
 40.1 45.6 49 60.8 159.4 942.7 1090.6 1764 1835.9 2012.4
 56 61.3 65.90000000000001 155.2 175.7 846.4 903.3 1507.7 1579.5 2072.4
 40.1 40.1 40.1 41.2 48.7 1037.9 1265.9 2053.8 2125.5 2301.5
 58.5 64.5 69.5 133.4 310.8 946.8 1004 1692.5 1764.3 1940.8
 48.2 74.59999999999999 80.3 157.8 232.2 763.5 1406.4 2075.5 2147.3 2323.7
 40.1 40.1 74.90000000000001 151.8 172.1 981.2 1366.6 1645.4 1717.2 0
 48.8 54 70.8 87.3 157.6 771.3 828.5 1830.7 1902.4 2076.1
 50 55.5 59.6 149.8 300.4 876.8 934.2 1819.7 1965 2644.1
 63.8 70.7 75.8 122.3 276.6 818.8 1241.9 1771.7 0 0
 40.1 45.6 48.9 61.3 115 1035.3 1221.4 1747.5 1818.9 1991.6
 40.1 40.1 61.3 76.59999999999999 222.8 783.2 840.7 2060.5 2132 2304.5
 40.1 40.1 73.09999999999999 123.6 142.3 1087.6 1145.1 1630 1701.4 2466.1
 40.1 88.59999999999999 94.90000000000001 187.1 403.3 784.3 1150 2000.4 2295 0
 66 73.2 78.5 153.6 212.2 951.4 1313.6 1476.3 1547.5 1719.3
 40.1 74.5 79.8 143 163.5 925.7 1483.2 1856.4 1994.2 2637.6
 40.1 40.1 40.1 63.3 75.40000000000001 1123.7 1181.3 2040.3 2323.9 2496.2
 40.1 67.3 72.2 89.2 546.4 786.9 844.8 1576 1649 2683.9
 66.2 135.6 143.9 199.4 283.3 753.3 1229.3 1702.6 2097.4 2269.8
 46.9 52.9 57 135.8 178.5 1223.7 1281.9 1768.7 1842 2014.7
 58 65.40000000000001 70.40000000000001 134.8 429.3 1024.4 1082.8 1720.1 1787.5 1946.8
 88.09999999999999 98.5 105.4 241.7 266.9 824.1 1285.7 1658.4 1731.8 1904.9
 49.5 56.3 60.8 140.9 418.9 611.2 788.8 2047.9 2119.2 2721
 84.40000000000001 95.2 101.6 252.2 370.4 840.5 899.1 1574.2 1645.3 1877.8
 56.8 64.8 69.40000000000001 119.8 201.4 872.4 1332 2370.7 2441.8 3074.2
 65.40000000000001 74.90000000000001 138.5 194.9 238.9 624.3 681.5 2074 2145 2976.8
 57.5 65.90000000000001 70.90000000000001 197.1 332 811.8 1357.5 1710 2125.7 2301.2
 40.1 40.1 40.1 191.7 215.7 974 1090.5 1696.7 2023.2 3017.9
 80.09999999999999 91.40000000000001 98 137.9 159 1093 1428.9 2103.9 2175 2353
 58.4 67.59999999999999 72.8 287.8 355.9 862.3 1421.6 1949.5 2020.6 2197.8
 40.1 46.5 50.2 63.3 387.8 1017.3 1074.9 2222.3 0 0
 57.1 66.09999999999999 71.3 106.9 125.6 911.9 1294.3 1994.4 2063.8 2238.5
 40.6 47.3 50.7 116.2 426.5 1127.3 1185 1563.7 1633.2 3151.3
 65 75.5 131.3 192.8 368.5 953.1 1010.9 1700.3 1769.7 1945.6
 40.1 48 65.09999999999999 82.5 179.8 1238.4 1296.2 1864.1 1933.5 2109.1
