# Created by Octave 3.0.1, Sat Sep 05 13:29:03 2009 PDT <jwawerla@daneel>
# name: prt
# type: matrix
# rows: 200
# columns: 10
 278.3 353.6 444.2 1405.2 2154.8 3537 3583.6 4159.5 4224.9 5116.2
 219.1 304.2 706.5 1151 1169.6 3295.7 3550.6 4029.8 4095.3 0
 405.9 594.3 666.5 1369.4 1851.4 2519.7 3432.8 4001.8 4067.3 0
 252.6 268.3 279.1 958.5 2505.6 2973.3 3390.3 3526.2 4024.3 4183.2
 57.3 663.3 674.6 2109.1 2179.9 3072.1 3335.1 3471.5 3994.2 0
 145.3 272.7 283.7 720.7 738.4 3220.6 3266.9 3708.4 3773.7 4612.5
 268.8 281.5 292.9 774.5 2160.6 2876 3355.1 3893.4 4161.6 4583.9
 40.1 95.59999999999999 103.1 1290.5 1350.3 3135.9 3473 3609.6 4560 4763.8
 187.4 291 303.4 1223.2 2409.2 3054 3308.2 3992.7 4057.8 4255.2
 121.4 149.7 491.1 1357.6 2011.2 2335.3 3754.6 4025.3 4324.3 4516.9
 96.7 279.7 321 1335.2 1632.3 2679.1 3050.7 4743.7 5060.6 5528.8
 40.1 331.8 344 1133.5 1217.7 3038.3 3392.3 3841.4 3906.4 0
 105.6 114.2 358.2 802.5 1836.6 3187.3 3744.5 3880.2 3945.3 4367.2
 99.5 205.7 236.5 372.3 1426.6 3396 3741.3 4080 4145.2 0
 61.2 67.09999999999999 72.8 849.4 893.2 3289.4 3421.9 3680.5 4462.2 4798.9
 40.1 40.1 324 346 1654.7 3110.2 3691.5 3827.4 0 0
 80.09999999999999 143.2 890.8 1117.4 1131.9 3478.8 3602 4021.1 4085 4242.6
 53.4 236.5 363.3 1258.8 1345.3 3247.4 3654.1 4402.4 0 0
 261.2 685.8 696.8 1714.8 1833.9 2577.8 2623.9 3794.5 4338.2 4739.3
 288.4 302.1 825.1 1494.1 1822.3 3224.1 3418 3898.4 4244.4 4434.2
 59.4 65.40000000000001 612.7 1821.7 2136 2646 3023.4 0 0 0
 40.1 285.8 324.4 794.3 2413 3389.4 3582.6 3810.9 4148.2 4305.7
 250.9 362.5 371.1 480.7 496.2 3179.2 3420.9 4364.6 4438.9 4625.1
 40.1 40.1 40.1 40.1 42.2 2701.6 3132.1 4051.8 4125.7 4310.3
 40.1 40.1 40.1 383.3 1788.8 3092.9 3139.1 4386.7 4460.2 4643.4
 252.3 283.6 292.2 1447.2 2172.1 2483.6 3006.6 3463.2 4820.8 5002.7
 215 395.1 523.2 1038.4 2206.7 2498.9 2545.2 3911.9 4608.7 5279.1
 103.1 230.7 238.9 2074.8 2479.4 2612 2991.2 4147.9 4375.4 0
 296.8 310.5 491.9 1689.3 1704.4 2861.7 3546.3 4012.7 4084.7 4231.8
 160.2 171.9 240.6 447.1 1057.4 3228 3583.8 4039.4 4580.7 5304.8
 40.1 40.1 40.1 40.1 2125.8 2854.3 3303.5 3675.9 4130.8 0
 209.8 317.7 326.8 1370.9 1427.6 3404.3 3480.2 4340 4411.2 4558.5
 40.1 41.7 1204.7 1266.9 1280.9 2809.4 2887.1 4154.8 4368.2 4785.6
 300.5 314.7 321.9 808.5 1591.4 3406.8 3453.2 3738 3808.8 3991.8
 112.7 122.7 347.7 1764.8 2297.7 2363.2 3552.9 4550.8 4758.6 5277.7
 40.1 141 1275 1537.8 1552.2 2364.7 3499.2 4147.8 4218.4 4399.6
 73.5 81.2 232 1069.9 1841.5 3439.8 3615.3 4294.9 4365.3 4774.3
 174.5 514.5 625.6 984.1 998.5 2624.6 2670.7 4287 4357.2 5368.3
 40.1 335.1 340.8 605.7 836.5 2898.1 3510.4 4560.6 4630.7 4809.6
 278.2 704.6 711 1725.7 1934.2 2154.5 3529.7 3746.3 3932.1 0
 285.3 299.5 305.8 1383.8 1834 3169.6 3352.7 4042.8 4112.7 0
 40.1 40.1 876.5 900.9 1337.8 2901.9 3687.4 4183.3 4253.1 4405.3
 410.8 524.5 838.6 1357.2 2378.2 3126.3 3171.9 3599.3 3668.9 0
 62.2 688.4 805.9 953.9 995.7 2830.8 2914.1 4197.6 4267.1 4418.3
 54.5 312.3 318.2 1094.8 1735.2 3271 3617.8 4233.2 4686.6 5050
 337.8 390.3 396.5 672.4 687.5 3250.7 3683.8 4141.5 4210.8 4394.6
 228.3 241.6 404.9 430.1 916.8 3336 3810.7 4117.5 4335.4 4518.4
 291.6 447.5 454.1 1180.1 1195.5 3131.5 3177.3 4223.9 4451.8 0
 94.8 113.4 117.7 396.6 411.8 3144.3 3626.8 0 0 0
 126.9 737.8 787.8 1319.1 1556.3 2696.4 3232.7 3623.5 4084.7 4242.3
 40.1 42 44 1353.8 2075 2559.8 3249.1 3953.4 4287.3 0
 227.7 270.4 354.6 379.4 436.4 2915.7 3455.8 4184 4253 5149.8
 40.1 40.1 40.1 40.1 75.40000000000001 2675.3 2839.8 4526.6 4942.2 5127.5
 197.2 770.3 777.6 1085.2 1225.6 3315.6 3466.2 3766.3 0 0
 283.9 297.1 304.1 778.9 1568.9 2972.7 3221 3994.6 4058.4 4216
 54.8 579.1 586.5 638.2 2145.8 2838.2 3125.8 3802.6 3873.1 5418.7
 40.1 242 248.8 313.6 1860.9 3180.2 3784.5 4199.2 4269.6 4783
 40.1 276.3 283.4 330.9 345.7 3295.1 3408.8 4145.5 4215.8 4398.7
 93 291 780.2 820.2 835.7 2929.4 3482.5 3989.6 4291 4770.3
 265.3 277.7 1091.3 1544.1 2011 2784.5 2830.3 3606.8 0 0
 294.7 307.5 314.1 392.4 685.9 3356.3 3468.3 4324.4 4385.4 4542.7
 179.4 244.4 250.8 1666.3 2256.6 2842.6 3749.9 4315.1 4386.8 4568.1
 40.1 40.7 42.6 1015.3 1073.4 2874.9 3038.2 3799.6 3871.2 5086
 86 93.5 97.59999999999999 1267.2 1330.4 3057.6 3178.3 3438.2 3509.7 4748.1
 281.1 294 300.9 385.8 2239.1 3180.5 3835.9 4294 4612.2 4965.1
 273.1 315.5 322.5 348.7 1632.3 2897.6 3159.3 4006.4 4077.7 0
 394.1 417.7 897.9 1759.9 2466.9 3004.6 3050.5 3602.8 4297.6 0
 710.5 806.2 901.1 1557.7 1872.6 3089.6 3135.6 4109.3 4180.3 0
 295.1 719 726.8 834.6 2071.3 3047.9 3638.4 3885 4159 4306.7
 40.1 319.5 327 1246.7 2263.4 2998.5 3140.3 3975.7 4046.6 0
 301 314.4 343.3 1770.9 1827.9 2643.1 3261.2 3733.2 3804.1 3951.9
 219.6 290.2 487.4 1480.1 1786.2 3267.9 3504 3931.4 4002.2 4187.1
 247.1 260.1 706 1623.9 1914.3 2648.6 3298.4 4278.1 4348.7 5768.1
 213.5 478.4 486.3 540 555.5 3182.3 3383.2 3520.4 3900.3 4084.2
 291.8 331.7 339.5 1082.1 1400 3330.4 3376.4 4058.2 4282.7 4466.3
 285.8 749.9 789.9 872.1 2114.9 2866.6 2912.7 3888.6 4100.3 4283.4
 53.5 304.9 312.7 1202.6 1982.5 3106.5 3442.4 3879.9 3950.2 5257.2
 46.1 326.7 334.6 933.6 1706.5 3357.7 3477.2 3780.6 0 0
 98.5 581.5 761.1 1060.4 1075.9 3344.8 3716 3853.2 3916.1 4848.2
 249 441.8 450 1008.6 2368.7 3137.5 3324.6 3522.8 3594.4 4644.2
 218.7 327.5 365.7 1459.3 1822.7 3332 3528.8 4335.4 4406.8 4588.3
 77.7 496.8 505.1 1280.5 2259.9 3111.5 3157.6 3294.7 3366.1 4960.9
 106.6 125.5 310.9 803.5 1795.1 2941 3018.2 4029.7 4101 4281.7
 271.1 642.6 650.9 1439.1 1917.3 3043.7 3265.5 3402.6 3473.8 4381.5
 40.1 59.4 62.8 1340.2 2026.3 2753.6 3283.2 4229.1 4300.2 4480.1
 273.3 662.6 671.1 2098 2371.3 2804.7 3251.4 4215.8 4286.9 0
 40.1 665.5 899.4 1162.4 1403.3 3143 3281.3 3918.4 0 0
 306.5 319.2 327.4 1358.5 1419.1 3099.7 3145.9 3282.9 3350.5 4909.9
 278.7 350.9 359.2 2040.3 2296.6 2540.4 2586.7 3913.4 0 0
 332.8 345.7 772.6 1195.5 1211.1 2768.6 3556.4 3779.5 3845.6 0
 104.8 321.1 544.8 1202.2 1363.9 2983.8 3030.1 3789 0 0
 292.9 378.7 531 1695.3 2700.6 2877.2 2923.5 3633.8 4278 4435.5
 122.1 131.3 168.2 1434.6 2044.5 2946.4 3580.1 4075 4324.8 0
 247.5 368.6 376.9 1046.9 1697.7 2789.2 3340.7 4266.5 4465.9 4937.2
 40.1 40.1 40.1 1846.3 1862 2868.6 2948.6 3610.4 3684.3 0
 62.5 88 327.8 1247.8 1547.8 3004.2 3737 3873.8 3947.6 4264.1
 98.7 236.7 386.5 1316.5 1385.8 1922.4 3007 4304.9 4378.6 4756.4
 44.2 58 61.3 72.2 79.90000000000001 3232.7 3619.8 4031.2 4317.5 4500.2
 40.1 40.1 40.1 807.2 2485.7 3216.9 3486 4223.3 4296.8 4479.2
 40.1 41.2 1564 1638.5 2031.1 2572.2 2658.7 3015.2 3746.7 3928.8
 52.6 76.40000000000001 80.09999999999999 157.9 170.4 487.8 533.8 1066.1 1944.5 2126.5
 40.1 40.1 40.1 40.1 89.90000000000001 157.4 549.9 1474.2 1547.7 1730.1
 40.1 40.1 43.9 65.8 73 194.2 894.6 1334.5 1816.9 1998.3
 76.09999999999999 83.09999999999999 87.09999999999999 162.5 175.4 277.6 708.4 1588.4 1662.2 1842.3
 54.6 88.09999999999999 92.3 134.1 146.1 299.9 911.9 1539.2 1613.1 1793.5
 40.1 69.7 73.09999999999999 176.5 206.3 266.1 720.9 1559.4 1938.8 2634.9
 59.9 66 69.3 108.9 119.7 691.9 804.9 1676.7 1750.8 0
 40.1 69.59999999999999 73 86.7 140.6 445.2 911.3 1760.5 1834.7 2637.6
 61.2 67.5 70.90000000000001 145 187.7 268.2 601.2 1341.5 1415.9 2878.2
 40.1 71.59999999999999 75.09999999999999 155.8 277.8 443 789.6 1117.2 1852.7 2031.8
 40.1 40.1 65.59999999999999 79 164.1 629 841 1408.8 2144.1 2519.4
 76.59999999999999 84.5 88.59999999999999 119.1 131 269.3 1119.8 1259.6 1334.4 1514.2
 46.8 52 54.7 96.3 106.7 644.1 841.4 1138.6 1213.5 1392
 40.1 40.1 40.1 82 124.7 797.7 1082.3 1545.6 1620.7 1799.4
 40.1 41.5 43.7 53.3 60 481.1 619.2 1329.2 1771.1 2515.9
 53.8 59.8 62.9 139.8 232.6 708.7 757.9 1369.8 1603.4 1781.2
 40.1 51.5 54.3 66.40000000000001 136.5 512 561.2 915.5 1726.8 2127.7
 40.1 42.8 45.2 55.4 62.6 629.4 678.9 1547.4 1621.7 2450.5
 40.1 40.1 46.4 57.1 146.6 721.2 1042.2 1690.4 1763.6 1941.5
 68 75.7 79.8 124.4 137.5 778.7 918.3 1060.1 1133.4 2108.4
 62.2 89.3 94.09999999999999 176 255.9 451.3 838.4 980.4 1367.1 1743.6
