# Created by Octave 3.0.1, Tue Sep 08 23:44:42 2009 PDT <jwawerla@daneel>
# name: prtA
# type: matrix
# rows: 100
# columns: 10
 144.2 310 558 801.5 837.1 1134.9 1194.7 1890.1 1957.4 2116.4
 266.4 371 647.6 809.9 1209.2 1694.3 1756.2 2149 2207.5 2367.4
 303.1 674.7 901 1072.1 1123 1752.7 1817.9 1974.9 2043.7 2065.8
 487 538.3 721.3 1406.3 1460.3 1605.3 2544.8 2702.7 2771.6 2738.1
 68.5 78.90000000000001 151 326.5 920.5 1314.9 1378.5 1741 2418.6 4227.6
 41.9 49.1 53.5 178.4 599.2 1297.3 1361.8 2461.7 2726.6 2887.3
 71.90000000000001 84.40000000000001 148.7 427.2 746.5 1462.6 1749.7 2198.2 2461.5 2622.2
 64 76.5 114.6 553.4 706.2 1595.9 1661 1829.6 2094.8 2255.5
 64.59999999999999 131.9 141.6 651.4 724.6 1127.1 1383.4 1701.5 2468.7 3153.2
 64.09999999999999 71.2 150 202 581.1 1383.1 1446.3 1605.9 2037.8 2483.9
 56.3 62.8 68.90000000000001 498.4 825.7 1414.5 1783 1942.6 2057.5 2134.2
 57.1 63.8 70.2 261.6 844.5 1097.9 1785.6 2144.5 2260 2420.1
 79.5 154.1 225.3 437.5 778 1093.9 1157.9 1978.2 2093.3 2711.3
 60.3 67.5 74.40000000000001 526.8 876 1445.3 1821 1969.9 2035 2014.3
 69.3 78.40000000000001 83.09999999999999 631.5 726.8 1023.2 1264.3 1419.4 1487.2 2972.6
 67.40000000000001 76.8 81.59999999999999 290.8 693.7 1098.4 1161.8 1868.2 1934.4 2100
 40.1 92.5 94.5 471.1 841.9 1220.1 1855.6 1992.1 2110.1 2270.1
 73.8 158.8 177 238.8 273.5 1073.2 1883.9 2265.4 2647.1 2807.1
 65.40000000000001 126 129.2 331.1 533.1 862.2 1616 1755.7 2204.5 2364.4
 56.9 62.7 65.5 304.5 364.6 934.6 1729.2 1870.6 1965 2644.1
 67.5 74.40000000000001 77.8 162.5 597.8 831.4 1366 1894.6 1961.9 2121
 43.5 47.7 50.9 142.4 580.6 1451.9 1520.4 2316.5 2418.9 2809.4
 90.5 98.59999999999999 154.4 318.3 566.7 1021 1586.5 1731.8 2359.3 2510.1
 52.5 57.8 61.3 151.4 493 760.5 1248 2067.1 2164.2 2734.7
 63.3 69.7 73.8 201 257 1145.2 1212.1 1357.8 2067 2243.1
 71.8 79.2 83.90000000000001 160.3 438.9 1470.4 1747.9 1893.8 1991 2657.6
 68.2 74.90000000000001 129 196.3 376.4 964.9 1044.7 1721 1814 1982.1
 40.1 40.1 40.1 186.9 211.4 853 1102.2 1692 2037.5 3009.3
 40.1 40.1 40.1 77.09999999999999 114 1297 1678.9 2053.3 2854 3031.1
 49.7 54.4 58 135.3 468 570.5 860.2 1743.3 2087.2 2246.3
 48.4 105.8 159.4 191 297 957.9 1483.7 1695.2 1762.8 2354.1
 89 97.2 103 242.5 270.1 830.2 1401.6 1715.4 1782.9 2742.3
 58.6 64.5 68.7 166 316.5 516 1491.1 1638.1 1730.5 2261.7
 40.1 40.1 40.1 81.3 328.3 1136.3 1212 1359.1 1786.7 2574.5
 63.5 70.2 74.8 112.5 132.1 776.3 1144.7 1290.9 2177.2 2360.3
 50.2 55.7 59.4 75.7 606.3 828.6 1092.6 1662 1754 2978
 40.1 43.1 106.3 398.4 514.9 950.1 1225.1 1370.9 1692.2 1873
 46.8 51.9 55.5 135.7 179.7 1225.9 1298.2 1768.6 1860.1 2040.6
 81.59999999999999 90 108.4 133.8 236.5 1137.9 1210.1 1355.9 1447.3 1627.6
 40.1 45.6 48.7 62.1 117.4 1041.1 1240 1749.6 1838.4 2050.5
 40.8 45.2 48.3 61.5 191.2 925.8 1185.4 1549.3 1637.8 3130.6
 40.1 76.59999999999999 81.7 169.8 331.9 789.5 1209.4 1655.6 2010.6 2878.9
 64.3 70.7 75.3 173.2 475.2 868.8 934.3 1497.5 2354.2 2534.1
 40.1 40.1 40.1 95.40000000000001 112.5 913.3 1427 1575.8 1661 3216.3
 58.5 64.3 68.09999999999999 215.6 346.4 846.1 1410.7 1924.5 2007.4 2183.6
 65 71.3 75.3 186.5 228.4 605.5 666.5 1414.7 2127.5 2955.4
 40.1 40.1 40.1 147.6 167.5 881.2 1360.7 1620.9 1706.4 2192.2
 65.90000000000001 71.59999999999999 75.8 150 207.6 941.7 1307.1 1453.7 1539.1 1776.4
 57.3 62.1 65.90000000000001 127.7 187.4 1012.9 1225.3 1545.6 1630 2874.2
 81.40000000000001 99.2 150.3 176.2 215.5 715.8 775.6 1664 1747.9 1913.9
 40.1 84.3 89.2 155.9 262.6 905.6 1434.6 1581 1979.6 2610.6
 40.1 54.1 57.5 71.5 124.3 937.5 1262.6 1800.8 2065.7 2588
 58.2 63.3 67.2 129.5 148.2 937.4 996.9 1666.4 1749.5 1985.7
 47.5 62.9 66.90000000000001 82.7 195 701.8 836 1497.3 2073.5 2241.4
 57.6 63 67 128.4 419 1007.5 1067.2 1627.7 1708.2 1875.9
 86.09999999999999 93.8 111.5 147.7 264.4 922.5 1161.2 1618.7 1699.5 1867.5
 40.1 40.1 72.3 121.7 140.4 1081.7 1142.2 1612.1 1690.6 1858.5
 58.2 63.9 68.2 219.4 243.1 764.4 824.9 2202.7 2281.2 2889.6
 40.1 43.2 46.1 57.2 68.09999999999999 618.3 678.6 1654.1 2084.4 1787
 84.7 92.40000000000001 98.2 182.2 362.7 826.9 887.2 1033.8 1623 1790.9
 40.1 66.7 71.3 163.5 185.2 846.9 1090.5 2141.2 2414.9 2582.7
 66.59999999999999 134.8 142.3 196.5 280 622.6 1223.5 1681.7 2081.5 2249.5
 40.1 40.1 62 76.5 223.6 783.9 843.2 2047.8 2126.1 2294.4
 57.5 64.3 68.8 117.9 199.1 866.7 1328.6 1475.8 2429.7 2598.2
 40.8 57.3 61.6 76.09999999999999 134.6 1137 1328.6 1726.2 1805.1 2283.3
 40.1 46.2 99.59999999999999 179.3 201.9 1134.1 1193.1 1340.2 1798 1966.7
 40.1 46.6 50.1 184.3 250.9 739.6 798.9 946.2 1025.1 2766.8
 79.59999999999999 88.3 93.7 129.7 149.3 670.5 1412 2073.6 2225.2 2384.2
 40.1 40.1 40.1 40.1 77.40000000000001 850.2 908.9 1614.1 1681.7 2133.1
 74.90000000000001 83.09999999999999 88.7 191.8 344.9 710.3 769 1963.5 2044.5 2208.4
 56.4 62.2 66.7 98.09999999999999 114.3 993.6 1052.1 1202.4 1838.3 2165.7
 48.9 54.3 70.8 86.2 186.5 782.2 840.8 1306.1 1807 3397.5
 65.59999999999999 72.59999999999999 90.40000000000001 137.4 156.7 837.8 896.4 1781.4 1863.4 2028.8
 55.8 61.9 78.90000000000001 124.9 143.6 827.9 1210.3 1360.8 1980 2582.3
 40.1 40.1 84.40000000000001 161.4 343.6 929.8 1041.1 1826.3 1906.8 2137.5
 81.7 90.3 96.5 131.2 150.5 1081.6 1140.7 1291.2 1371.7 2151.4
 40.1 55.6 59.8 74 107.9 805.8 929.4 1525.4 1606.1 2771.4
 67.59999999999999 75.2 80.8 199.9 223.1 1065.1 1124.5 1275.2 1997.3 2160.9
 60 78 83.7 161.2 302 880.3 1178.4 1502.4 2389.3 2903.3
 40.1 43.2 46.4 57.5 68.40000000000001 830.8 1146.8 1822.5 1889.9 2049
 50.6 56.7 61 108 183.1 767.3 826.8 979 2811.8 2975.3
 65.90000000000001 73.7 79.09999999999999 241.7 318 525.8 1387.1 1835.8 1912.5 2076.1
 49.9 56 60.3 107.6 254.2 1010.6 1070.3 1223.1 1298 2680.5
 71.90000000000001 80.8 112 134.5 211.7 920.5 980.3 1133.3 2005 2226.3
 86.40000000000001 96.59999999999999 103.2 141.7 185 1134.4 1194.1 1993.1 2067.6 2499.3
 94.2 105.2 170.6 214.1 260.9 797.2 985.4 1754 1828.6 1991.8
 40.1 88.3 94.59999999999999 146.2 167.4 840.2 899.9 1776.2 1850.9 2014
 40.1 45.1 48.5 60.6 72.59999999999999 786.2 846.1 1623.2 1698 1861.2
 40.1 45.1 48.5 60.8 72.90000000000001 1009.3 1069.3 1221.9 1598.7 1937.2
 49 55.6 60 170.1 193.2 1228.1 1399.2 1552.1 1686.8 2943.9
 69.7 90.2 97 206.3 231 327.6 780.3 1829.3 1904.2 2069.6
 40.4 68.7 74.2 92.3 553.1 797.3 857.6 1578.6 1653.5 2681.5
 59.1 67 72.2 153.2 234.1 604.3 1460.8 1849.9 1979.4 2138.5
 40.1 45.8 62.9 133.9 410.7 732.9 1207.4 1863.1 2150.7 2290.5
 40.1 40.1 40.1 44.2 53.6 1059.6 1597.6 2123.4 2190.6 2349.6
 40.1 40.1 77.09999999999999 145.7 168.4 606.3 1013.6 1953.6 2030.7 2194.7
 40.1 47.1 64.59999999999999 82.40000000000001 180 1238.7 1299.4 1861.7 1938.9 2100.7
 40.1 92 98.8 388.3 463 1113.1 1173.9 2016.2 2316.7 2476.3
 40.1 40.1 40.1 68.40000000000001 128.2 1144.5 1205.5 2265.6 2342.9 2502.6
 57.8 65.7 71.09999999999999 107.7 127.2 915.3 1299.1 1454.1 2068.7 2228
