# Created by Octave 3.0.1, Thu Sep 10 03:32:59 2009 PDT <jwawerla@marvin2>
# name: prtA
# type: matrix
# rows: 100
# columns: 10
 66.90000000000001 296.5 318.7 489.8 533.1 1407 1576.5 1906.6 1974 2133.1
 290.1 575.7 608.1 1509.6 1561.2 2049.7 1986.4 2654.7 2723.1 2883.2
 297.8 599 635.8 1455.1 1510.4 1564.7 1629 1775.3 1843.8 2003.1
 258.3 1074.9 1103.2 1207.5 1265.4 1215.9 1274.7 1425 1492.7 1652.1
 301.3 665.5 930.3 1197.8 1257.1 2007.2 2074.4 2233.4 2302.4 3817.5
 301.7 841.3 1157.9 1482 1540.3 2000.8 2068.2 2691.2 2760.2 2780.7
 72.3 612.3 629.4 835.3 1072.3 1636 1702.3 2901.5 2966.6 3127.1
 206.2 264 282 782.1 953.3 1704.5 1770 1927.5 1993.8 2801.5
 58 136.5 178 749.6 1231.6 1369 1800.2 2523.8 2590.1 2750.5
 75.90000000000001 368.5 387.8 488.4 820 1833.6 2072 2227.8 2294.5 2912
 41.7 54.7 310 1039.9 1250.8 1692 2072.5 2228.5 2295.2 2455.6
 80.8 177.3 260.2 997.5 1037.8 1171.6 1236 2441.1 2859.8 3030.2
 78.7 136.7 151.1 712.5 757 1504.8 1568.8 2605.9 2673.2 2854.5
 78.2 296 355.6 776.9 872.7 1872.9 1935.8 2092.5 2160 2337.1
 104.4 142.7 154.7 648.7 1096.2 1717.1 2081.8 2237.3 2304.9 2479.3
 80.90000000000001 98.09999999999999 196 628.9 810 1258.3 1321.5 1809.8 1877.4 3497.5
 55.5 198.1 255.6 714.2 758.4 891.2 954.4 1109.6 2116.9 2973.4
 95.7 248.3 437.9 861.8 951.4 1843.2 1906.1 2060.6 2048.1 2207.2
 97.7 243.5 258.5 825 1026.1 1156.4 1219.6 1374.3 2659.6 2831.1
 160.1 279.4 321.7 944.8 1047.3 1389.9 1648.6 1803.5 2276 2448.5
 141.7 295.6 338.3 404.7 904.6 1757.1 1820.3 1975.1 2570.5 2741.3
 83 182 197.7 830.9 875.6 1377.4 2082.9 2422.9 2489.8 2648.6
 102.3 179 194.5 744.9 788.8 920.7 2369.1 2891.9 2959.3 2138.5
 40.1 74.59999999999999 127 824.8 867.2 1444.7 1505.5 1614.1 1681.7 2555.2
 155.9 291.9 327.8 744.8 786.2 1563.3 1623.7 2002.7 2070 2908.9
 65.90000000000001 206 462.3 522.3 563.9 900.1 1696.6 2083.3 2150.7 2316
 142.6 199.3 212.8 869.6 954.8 1382.6 1442.2 1605.4 1672.9 1837.9
 63 141.5 175.3 490.7 1220.6 1668.5 1728.1 1891.4 1958.9 2124
 132.6 152 164.2 588.7 1086.8 1759.5 1819 1981.4 2539.2 2703.9
 70 84.09999999999999 171.9 881.3 1224.4 1347 1815.1 1971.4 2038.7 2203.2
 77.5 172.5 310.9 466.1 506.6 1525.6 1584.9 1741 1808.3 2294.4
 67.40000000000001 119.9 130.5 910.1 1143 1335 1785.1 2411.2 2478.5 2645.2
 77.8 187 221.5 669.8 709.2 1416.9 1478.5 2129 2197.8 2363.5
 86 200 471.3 822 861.4 1397.7 1459.2 2384.5 2453.3 2618.8
 117.6 135.3 569.8 721.6 829.7 1271.7 1333.9 2027.9 1816.1 1983.1
 52.1 61.9 68.2 739 824.7 1645.3 1707.2 1862 1933.2 2831.8
 139.1 309.9 601.8 716.4 754.9 1150.9 1564.2 1719.1 1790.3 3125.2
 55.2 65.09999999999999 71.59999999999999 456 1028.7 1275.1 1700.2 1854.4 1925.1 2087.1
 65.90000000000001 130.6 141.3 810.2 848.4 1734.6 1795.7 1950 2020.9 2182.8
 75.90000000000001 104.8 113.5 328.4 631.7 1099.7 1159.6 1312.3 1683.1 2828.8
 187.5 206.6 218.6 267.5 831.6 1162.4 1222.2 2017.8 2066.7 2225.8
 74.40000000000001 160.9 171.9 246.7 592.4 1381.6 1440.3 1591.9 1979 2623.3
 128 193.2 205 529 564 1377.2 1626.3 2121.6 2192.2 2357
 80.3 91.90000000000001 153.5 709.1 744.3 1032.8 1269.7 1420.6 1491.2 2994.7
 78.59999999999999 90.09999999999999 229.2 688.5 756.3 1013.3 1495.2 1646.3 2195.6 2741.8
 101.5 146.7 156.5 415.1 754.6 916.9 974.9 1849.1 1918.4 2081.7
 83.40000000000001 113.1 121.7 576.8 740.2 1145.9 1203.9 2146.6 2215.8 2377.5
 75.90000000000001 224.5 236 279.8 465.2 1017.2 2140.4 2290.6 2800.4 2956.5
 147.7 164.9 293.6 384.5 481.8 1201.6 1259.5 2391.3 2460.4 2974.7
 144.4 214.1 225.8 431.1 739.8 1436.3 1717.4 2148.6 2217.7 2381.7
 160.2 241.7 254 573.6 607.4 1401.3 1615.1 2292 2361.2 2525.1
 66.3 77.2 103.8 136 780.8 955.8 1459.2 1609.5 1678.4 2843.5
 40.1 65.3 71.2 473.9 854.6 1206.1 1959.8 2320.5 2389.3 2552.8
 120.1 136.7 146.6 278.1 309.4 1167.6 1225.5 1375.4 2060 2223.5
 119.6 136.3 201.7 764.6 837 996.4 1054.2 2000.4 2069 2232.2
 53.7 63.1 123.1 595.6 895 1193.9 1470.1 1619.5 1688.1 3159.1
 68.40000000000001 79.90000000000001 215.2 531.9 872.7 1425.1 1483 1365.9 2050.6 2223.2
 172 286.2 298.8 444.9 776.3 1074.6 1132.7 1941.1 2008.4 2623.3
 128 145.6 155.6 542.9 818.9 1514.2 1572 1869.3 1937.8 2099
 137.2 155.5 165.8 338.7 904.2 1192 1560.6 1709 1777.5 1938.5
 40.6 98.59999999999999 106.5 166.4 547.3 1443.9 1501.8 1650 1718.5 3261.2
 179.4 216.6 228.2 272.6 712.9 1412.9 1886.6 2277 2620.5 2781.3
 78.3 124.1 133.3 550.9 689.2 799.5 1615.1 1763.5 1832.1 1992.9
 166.8 205 216.5 287.4 704.4 1557.7 1615.3 1763.8 1832.4 1993.3
 77.40000000000001 139.5 307 430.3 926.1 1037.5 1618.2 1767.2 1835.8 1996.8
 81.40000000000001 128.9 138.4 796.2 828.7 1498.6 1556.1 1705 1773.6 2527
 138 190.2 201.6 670 702.5 1021.4 1609.5 1758.3 1822.9 1982.1
 52.9 62.4 68.2 419.5 451.8 1089.7 1147.2 1582.8 1966.6 2752.1
 94.40000000000001 170.5 342.7 434.1 911.6 1163.5 1221.1 1911 1978.3 2137.5
 67.5 133.3 143.2 617.7 693.9 1606.5 1781.1 2140.1 2199.5 2127.7
 173.2 385.4 398.9 492.8 525.8 1182.3 1240.3 2300.5 2372.2 2744.2
 67.09999999999999 79 128.8 847.9 983.7 1354.9 1663.4 1811.6 2195.7 2783.4
 182.7 204.1 276 437.2 603 1352.8 1626.2 2096 2167.7 2002.5
 164.6 253.7 345.2 505.2 538.4 1045.6 1908.9 2057.1 2129 2280.6
 90.3 140.8 151.5 236.9 656.6 1357.8 1416.1 2439.4 2509.6 3091
 66 77.40000000000001 203.3 273.9 850 1088.1 1770.8 2117.9 2188.1 2347.9
 209.6 403.6 417.4 786 922.5 1237.1 1295.5 1673.2 1743.4 1901.5
 126.9 144.3 155 490.2 568.3 1026.7 1085.1 2019.6 2089.8 2248
 112.5 128.9 274 703.3 802.8 1280.7 1706.8 1706.4 1774.7 3283.8
 68.8 80.2 108.5 363.3 396.6 1689.1 1747.5 1880.3 1948.6 2112.6
 112.4 145.2 155.5 246.9 835.3 1221.7 1926.9 2343.2 2413.1 2570.7
 119.4 152.7 220.3 470.7 569.8 1478.7 1537.5 1924.9 1994.8 2151
 109 186 197.5 764.5 798.8 1228.7 1287.4 1816.2 1886.1 2749.3
 100.9 115.2 124.4 624.6 829.5 1130.1 1188.8 1900.5 1970.4 2126.7
 222.2 243.4 255.9 724 796.7 1403.8 1580 1729.8 1799.7 2760.1
 75.5 104.8 113.5 626.3 876.3 1314.6 1373.2 2061.5 2131.4 2287.7
 171.1 254.5 360.3 443.1 815.4 929.3 988 1649.8 1719.8 1876.2
 65.40000000000001 141.5 152.8 512.1 584.7 1239.2 1298 2121.6 2191.5 2742.4
 175.8 196 228.8 276.4 597.8 1127.9 1372.9 2151.9 2874.5 3031
 102.7 204.8 218 265.9 299.9 1701.9 1760.6 1910.7 1958 2117.1
 77.09999999999999 89.59999999999999 152.4 601.7 674.9 1334.6 1766.8 1916.4 1986.9 2121
 40.1 80.90000000000001 145.3 1019.3 1056 1222.2 1281.1 1430.6 1806.9 2598.7
 74.8 135.3 188.1 520.6 1010.1 1452.2 1511.2 1660.9 2068.1 3795.5
 64.2 170.1 183.2 351.8 387.6 1429.8 1488.7 1638.7 2053.2 2943.9
 53.5 62.8 141.3 627.5 663.8 1506.8 1565.8 2366.5 2435.8 2349.6
 75.8 136.1 420 605.4 1004 1534.3 1593.4 1743.3 1812.6 1946.8
 52.3 61.4 68.3 728.3 764.9 881.3 1564.6 1714.8 1784.2 3288
 40.6 191.2 205.2 497.8 835 1124.9 1627.8 2033.4 2890.2 3048
 82.90000000000001 156.9 170 844.4 880.9 1415.5 1588.3 1738.5 1807.8 1912.5
 55.6 147.7 160.5 721.5 938.1 1517.8 1710.9 1861.2 1929.1 2065.8
