# Created by Octave 3.0.1, Fri Sep 11 14:46:49 2009 PDT <jwawerla@marvin2>
# name: gg
# type: matrix
# rows: 400
# columns: 10
 16 20 24 25 29 34 44 44 44 44
 5 5 5 26 27 39 39 39 39 48
 4 8 8 36 42 43 43 48 48 48
 13 14 15 29 29 48 48 48 48 48
 10 15 15 39 39 42 46 46 46 46
 14 14 14 29 29 42 46 47 48 48
 8 15 15 34 34 42 47 50 50 50
 9 9 9 24 33 46 46 46 46 49
 13 14 14 14 26 31 34 41 41 46
 12 18 19 22 35 39 39 46 46 47
 10 10 10 27 32 39 47 48 48 48
 9 9 13 14 43 43 43 43 43 43
 6 14 14 29 33 36 36 36 36 47
 5 7 15 34 40 46 46 46 46 48
 3 6 7 23 23 40 40 48 48 48
 10 27 36 37 37 42 44 45 45 48
 8 26 27 27 27 31 31 49 49 49
 3 7 9 30 30 45 45 49 49 50
 3 8 8 35 35 44 45 45 45 45
 9 12 17 35 36 37 37 47 47 47
 13 22 22 34 35 35 35 39 39 39
 4 7 16 44 44 45 45 45 46 49
 6 9 9 30 31 31 31 49 49 49
 20 26 31 40 42 45 45 46 46 46
 12 24 26 26 34 42 42 48 48 50
 2 3 5 29 33 33 39 39 39 50
 8 25 25 32 41 45 47 47 47 47
 5 10 10 26 27 38 38 41 41 41
 9 17 18 25 25 43 45 47 47 47
 5 10 17 21 21 47 47 47 47 50
 8 8 8 22 23 30 30 47 47 47
 7 7 7 35 35 38 38 46 46 46
 5 7 7 21 25 43 43 45 47 47
 5 13 31 36 36 38 45 45 48 49
 14 14 14 19 19 29 45 45 47 47
 6 6 6 15 37 37 37 37 50 50
 13 13 13 34 34 39 39 46 46 46
 4 11 22 24 35 44 44 50 50 50
 13 16 30 30 30 48 48 50 50 50
 4 11 11 33 34 35 41 42 42 42
 5 11 12 31 31 34 42 45 45 45
 4 9 18 19 19 27 47 48 48 49
 10 17 19 21 33 39 39 48 48 49
 7 7 7 24 27 27 48 48 48 48
 3 3 19 19 20 34 34 50 50 50
 3 3 5 34 34 34 43 43 43 43
 9 9 14 14 14 41 41 41 48 48
 7 8 10 10 30 38 38 48 48 49
 3 6 20 31 34 39 42 42 42 48
 8 8 9 22 22 44 48 48 48 48
 5 7 7 37 43 45 47 47 48 49
 11 16 17 33 38 42 42 43 43 44
 10 13 16 30 30 45 47 49 49 49
 6 6 6 31 38 44 44 49 49 49
 10 12 15 38 39 45 45 45 45 45
 10 16 20 31 32 36 46 46 46 46
 3 11 13 31 31 31 31 31 31 50
 3 3 3 25 25 42 42 50 50 50
 8 8 32 35 37 43 43 48 48 50
 3 3 5 28 38 38 46 47 47 47
 3 3 5 20 37 40 40 44 44 44
 8 10 20 25 38 43 43 43 43 49
 10 13 13 23 23 45 45 47 47 47
 4 7 24 30 31 46 47 48 48 50
 4 5 5 14 39 47 47 50 50 50
 9 25 25 28 35 46 46 47 47 47
 4 5 5 35 35 36 42 42 42 49
 6 19 26 38 38 39 43 48 48 48
 3 3 5 32 33 46 47 47 47 47
 4 7 7 33 33 43 49 49 49 49
 16 16 16 34 35 46 47 47 47 49
 9 9 11 33 39 40 48 48 49 49
 16 19 22 28 32 43 45 49 49 49
 10 15 15 33 34 44 44 46 46 48
 9 9 20 20 32 33 33 41 41 41
 10 19 21 38 38 40 40 46 46 46
 5 12 34 36 37 40 42 42 42 48
 9 17 18 18 18 32 44 44 44 48
 11 19 19 31 31 40 43 45 45 49
 12 12 12 21 32 35 41 42 49 49
 11 11 17 33 42 42 42 45 45 50
 14 18 20 29 33 45 49 49 49 49
 8 11 11 29 37 40 40 46 46 46
 5 9 12 26 34 34 34 43 50 50
 2 2 2 13 37 46 46 48 48 48
 15 15 16 36 36 39 46 46 46 48
 12 13 13 13 13 48 48 48 48 48
 11 14 24 37 38 48 49 49 49 49
 5 8 24 28 30 43 43 49 49 49
 10 10 10 25 25 39 39 39 40 43
 17 20 20 24 24 46 47 48 48 48
 4 10 10 15 15 46 46 46 46 49
 4 28 32 32 35 39 43 43 45 47
 4 21 23 25 26 38 38 48 48 49
 8 17 18 38 38 38 48 48 48 48
 9 9 9 36 38 46 47 47 47 50
 14 17 22 25 26 40 42 44 44 50
 4 6 6 37 37 43 43 48 49 49
 8 8 8 30 33 41 41 47 47 47
 9 9 9 25 25 45 45 47 47 47
 164 224 224 282 282 293 293 298 298 298
 118 232 240 284 285 294 294 300 300 300
 161 201 202 261 287 298 298 298 300 300
 110 248 270 272 285 285 285 290 290 299
 232 236 247 283 290 290 290 295 295 300
 79 79 210 279 279 286 286 295 295 295
 86 215 260 264 281 292 292 295 295 295
 138 138 241 271 288 288 288 298 298 298
 136 245 245 280 282 289 298 298 298 300
 150 211 219 230 257 295 295 298 298 300
 38 143 162 233 233 274 294 297 298 298
 127 132 132 275 283 295 295 300 300 300
 41 164 187 259 269 289 289 291 291 296
 35 37 137 271 284 294 294 295 300 300
 6 86 88 253 279 282 284 299 299 299
 35 35 171 257 286 291 291 300 300 300
 106 113 113 285 293 293 298 298 298 300
 37 37 128 250 269 285 298 300 300 300
 89 195 203 251 251 287 291 298 298 300
 135 166 192 206 280 291 291 293 293 293
 162 199 199 254 256 270 298 300 300 300
 42 87 87 257 287 294 294 298 298 300
 42 49 49 234 266 292 292 294 294 294
 2 2 2 248 253 295 296 297 297 297
 3 38 38 209 258 281 295 295 295 295
 32 148 151 230 231 275 275 298 298 298
 59 69 217 233 233 250 284 296 297 298
 97 218 218 255 255 284 284 296 300 300
 55 176 176 209 254 295 295 295 295 295
 25 44 106 182 255 283 286 295 298 298
 2 2 2 266 271 290 290 299 299 300
 35 134 139 246 250 285 285 298 298 298
 142 142 145 190 253 270 291 292 293 293
 38 90 90 248 256 289 292 292 292 294
 37 69 177 218 218 277 292 296 299 299
 147 161 169 224 225 286 295 295 295 295
 24 60 103 243 257 283 294 296 297 300
 71 71 106 106 235 267 292 292 299 299
 36 56 59 234 244 280 298 298 298 298
 88 88 187 211 212 290 290 292 299 300
 40 156 156 194 194 283 283 297 300 300
 100 100 100 213 239 282 282 290 290 296
 99 151 151 253 276 296 296 296 300 300
 88 88 99 261 262 265 265 294 294 294
 37 43 112 175 274 288 288 298 299 299
 46 60 69 215 242 295 295 295 295 295
 49 49 49 203 255 296 298 299 299 299
 56 76 129 129 265 281 297 299 300 300
 11 11 40 266 273 288 288 300 300 300
 88 150 150 249 256 282 282 292 292 292
 3 3 136 239 241 278 293 295 300 300
 40 40 40 167 248 281 289 289 296 296
 2 2 2 207 237 272 272 296 296 296
 94 124 124 241 256 284 284 300 300 300
 34 83 83 148 255 265 287 288 288 288
 67 68 68 215 223 260 260 269 294 297
 27 27 28 184 268 297 297 298 298 299
 34 36 36 42 256 275 277 294 294 294
 35 85 86 246 248 279 289 291 294 295
 36 136 151 216 262 262 289 300 300 300
 37 37 40 66 261 277 298 298 298 298
 27 27 27 211 215 281 296 296 296 299
 3 3 103 240 245 256 256 281 281 292
 9 137 137 140 275 279 281 281 299 299
 36 36 41 222 267 290 293 297 298 298
 41 41 41 179 245 291 298 298 298 300
 51 103 110 255 255 279 279 296 300 300
 120 120 189 215 241 283 288 297 300 300
 90 95 95 215 252 294 296 298 298 300
 38 52 52 224 224 275 288 296 296 300
 44 44 44 201 260 289 298 298 298 300
 45 75 75 173 271 288 291 293 293 293
 33 78 180 204 227 271 280 290 290 299
 58 58 58 60 284 291 291 295 295 295
 43 43 43 205 246 286 286 298 298 298
 89 96 96 215 215 261 293 294 294 294
 35 37 37 204 207 278 278 284 284 298
 37 37 104 169 233 290 290 300 300 300
 87 89 116 116 228 293 293 293 293 299
 56 56 56 239 243 282 283 283 295 295
 44 44 65 175 211 275 289 295 295 295
 58 58 62 229 259 275 275 275 296 296
 36 66 66 190 190 261 298 298 298 298
 81 81 81 208 246 286 286 286 286 298
 5 149 149 213 262 281 281 295 295 295
 84 88 89 236 265 282 283 299 299 300
 110 110 126 150 272 284 284 300 300 300
 39 43 135 152 230 279 279 279 281 297
 45 137 149 241 241 251 281 298 300 300
 43 111 130 132 236 283 283 284 300 300
 66 86 131 145 266 269 297 300 300 300
 62 94 140 265 267 270 289 298 298 298
 17 17 19 221 249 282 284 291 291 300
 44 44 110 165 250 272 272 293 293 295
 3 3 3 247 275 280 280 295 295 300
 8 37 37 159 263 270 297 297 298 298
 26 115 138 153 154 253 292 294 295 295
 5 5 5 5 119 286 287 294 294 294
 3 3 3 238 261 288 293 299 299 299
 3 201 201 239 278 279 280 297 297 297
 17 17 17 25 25 83 83 91 91 100
 2 2 2 52 52 73 74 94 94 94
 8 8 13 19 45 58 59 93 93 93
 12 12 12 48 48 82 83 84 95 95
 11 17 33 36 40 76 88 91 91 94
 3 3 8 23 23 75 77 84 84 96
 23 23 28 47 47 85 86 90 90 99
 3 3 3 3 48 84 85 91 91 100
 11 11 11 17 31 83 84 90 90 96
 6 6 6 23 46 87 90 92 92 94
 12 12 12 30 34 67 79 94 95 95
 11 11 11 21 34 82 82 98 100 100
 10 12 18 42 45 74 89 89 89 89
 2 2 2 2 3 83 83 89 89 99
 10 10 10 41 43 64 66 76 83 83
 3 3 3 8 29 79 93 96 96 96
 9 9 9 38 45 72 72 87 93 98
 7 7 9 11 16 61 82 95 95 98
 11 12 16 35 61 62 89 98 98 98
 6 12 12 56 63 78 85 85 85 85
 7 11 11 18 50 73 73 91 96 96
 13 14 14 14 14 66 67 84 94 94
 11 11 11 18 47 85 93 98 98 98
 10 10 10 29 44 87 87 97 97 99
 11 11 17 23 35 69 71 95 95 95
 3 3 3 22 62 89 89 89 98 99
 14 14 14 24 50 73 78 90 97 97
 11 11 19 26 40 70 92 94 94 98
 12 17 17 29 43 84 84 89 89 96
 5 5 8 31 74 82 95 95 95 95
 12 12 24 24 27 90 96 97 98 99
 2 2 2 46 47 73 85 85 95 95
 9 22 22 30 30 66 83 85 86 87
 10 10 18 25 28 84 85 98 98 98
