# Created by Octave 3.0.1, Sat Sep 05 13:12:24 2009 PDT <jwawerla@walle.autolab>
# name: prt
# type: matrix
# rows: 100
# columns: 10
 200 383.7 399.1 503.4 545.3 999.3 1059.7 2121.2 2188.3 1897.2
 172.4 177.5 193.2 540.5 855.3 968.5 1029.4 1630.3 1697.7 1860.7
 179.4 189.2 206.8 681 785.1 1152.8 1213.5 1351.3 1418.9 1830.9
 122.3 132.8 252.1 361 396.9 1142.6 1354.4 1500.6 1562.7 1722.3
 255.8 299.8 317.8 377.4 472.3 1423.6 1483.1 1621.6 1689.1 2327.4
 262.4 306.9 325 792.1 830.3 932.9 992.7 1132.1 1199.9 1356
 149.9 165.3 181.1 428.5 615.9 1368.7 1428.3 1569.2 1637 1794.3
 55.2 63.5 282.6 338.7 1015.9 1193 1252.7 1394.8 1462.7 1620.6
 68.40000000000001 106.6 118.8 282.7 700.3 806.1 866 2253.6 2321.3 2479.4
 232.6 253.7 300 681.5 711.3 818.9 879.1 1897.7 1965.4 2123.8
 131.3 148.8 195.6 432 462.2 570.8 1674.2 1815.3 2492.2 2650.6
 88 127.1 141.5 618.7 649.8 1185.8 1599.4 1741.1 1807.1 1965.6
 40.1 42 48.2 395 488.1 798.9 855.3 1252.1 2022.8 2181.5
 131.6 337.6 357.6 413.9 829.4 1156 1212.7 1889.5 1954.1 2112.7
 129.7 419.6 439.4 590 675.1 784.5 993.7 1765.2 1830 2443.9
 141.4 158.5 174.6 490.4 522.5 1116.3 1640.2 1783.1 1848.1 2006.7
 201.4 353.7 373.4 535.7 568.6 1161.6 1218.2 1361.6 1426.9 2003.4
 54 62.7 131 677 821.2 930.1 987 1860.1 1468.8 1628.5
 126.6 143.2 158.8 368.4 1000.5 1109.7 1315.9 1946.2 1269.2 1428.9
 40.1 40.2 46.1 330.2 774.2 883.8 940.9 1907.2 1972.4 2131.5
 72.8 159.4 207.6 707.3 737.2 1276.5 1333.8 1717.6 1781.2 0
 74.2 114.3 128.8 579.3 791.5 1379.7 1437 1579.7 1644.9 1808
 54.3 137.5 185.5 630.1 660.2 1242.5 1299.9 1740.9 2722.2 2882.4
 226.6 313.3 334 428.3 458.6 900.9 958.5 1845.5 1910.1 2070.6
 125.9 143.4 451.2 789.9 820.9 1140.3 1198 1633 1697.7 1858
 149.4 168.7 185.8 582.1 723 1173.8 1372.8 1516.2 1580.7 1740.6
 74.8 175.6 193.1 341.2 1094.1 1282.5 1340.3 1762 1826.4 1986.1
 131.8 199.7 293.3 346.2 894.4 1002.7 1198.2 1342.1 1407.5 0
 163.5 283.2 303 551.9 581.6 1010.3 1679.7 1823.7 1889.1 2504.1
 55.2 65 134.9 814.8 901.6 1010.4 1438.3 1582.6 1648.2 1807.1
 40.1 40.3 46.3 565.7 835.3 1072.5 1129.8 1274.4 1340.6 2270.5
 75.59999999999999 88.7 220.2 709 970.9 1080.2 1137.6 1282.5 1348.9 1513.9
 162.5 183.2 201.1 897.1 927.4 1036.8 1094.4 1454.1 1520.7 2285.6
 131.6 388.9 409.8 657.9 808.2 1299.8 1357.4 1502.5 1210.9 1371
 164.3 184.4 202.3 748.9 779.7 1185.7 1404.4 1549.8 1945.3 40.1
 160.2 180.3 227.7 619.8 650.9 760.5 818.2 963.8 1602.1 2210.6
 148.9 168.5 274.5 613.5 644.7 1289.3 1001.8 1176.9 1239.1 1399.3
 54.6 64.59999999999999 238 331.5 1040.1 1483.9 1532.1 1681.5 1749 1908.2
 134.2 333.9 410.4 564.1 701.2 1308.7 1357.7 1507.8 1575.4 1734.9
 72.59999999999999 186.1 358.5 789.4 878.6 1173.5 1223.6 1374.3 1442.1 2036.4
 40.1 40.1 40.1 40.1 40.1 40.1 40.1 40.1 40.1 40.1
 40.1 40.1 45.3 264.1 293 1037 1762.7 1914.8 1982.8 2141.7
 71.3 283 302.4 396.7 427.5 686.8 759.8 1881.4 1949.3 0
 40.1 40.8 46.7 520.1 732.6 841.9 915.8 1061.5 1129.5 2195.5
 40.1 42.9 49.2 244.4 892 1001.5 1074.5 2066.1 2134 2276.6
 87.3 102 115.1 644.9 817.5 927.2 1227.8 1371.9 1439.9 1587.9
 72.40000000000001 160.7 177.5 420.1 450.2 739.2 830.4 1336.5 1405.1 0
 115.2 161 211.2 628.2 658.8 1139.4 1536.8 2140.6 2207.7 2822.3
 40.1 40.1 45.6 63.7 298.5 1187.2 1242.2 1839.2 2222.9 2380.2
 139.1 206.4 449.4 500.5 531.1 1086.9 1143.8 1750.8 1817.2 1975.2
 40.1 41.1 47 391.4 421.8 1283 0 0 0 0
 68.8 230.6 249.3 502.9 533.9 1042.3 1102.7 1808.1 1875.5 2034.6
 95.5 111.3 125.1 246.5 395.8 1522.8 899.9 0 0 0
 93 180.9 198.4 570.6 602 1019.2 1403.2 2076.8 2144 0
 133.5 152.7 395.5 489.7 521.2 629.8 1093.6 1806.8 2309.5 2468.6
 40.1 40.1 45 63.2 682.3 1172.4 1834.7 1979.3 2044.4 2203
 202.8 225.9 277.5 327.2 357.5 911.2 1396.5 1542.8 1608.6 1767.8
 159.7 234.5 345.8 785.4 817 1047.8 1099.2 1246.7 1795 1954.5
 133.4 153.1 169.1 259.5 288.9 707.8 1536.8 1684.6 1749.9 1909.6
 135.2 155.1 171.2 507.2 538.9 1374.9 1588.3 1736.5 1802.2 1961.8
 133.9 210.6 287.6 337.9 870.8 981.5 1403.7 1382.7 1450.9 1570.5
 77.7 161.9 178.3 653.3 684.7 909.9 1104.3 1271.5 1339.3 2250.7
 71.8 112.3 126 665.3 696.9 1389.6 1439.3 1594.5 0 0
 54.9 117.4 165.3 434.3 465.7 1249.4 1631.4 1784.2 1847.3 2006.5
 55.6 252.4 271.5 673.3 705.1 1255.4 1444.3 1837.4 1900.7 1253.5
 40.1 40.1 45.1 543.6 575.5 1028.5 1321 1472 2113.1 2269
 153.4 203.8 222 453.4 485.2 944 1140.4 1293.7 1358.5 1523.9
 40.1 42.3 48.5 497.4 721.3 939 1595.1 906.5 974.7 1137.7
 136.6 156.8 407.5 595.6 792.2 1154.4 1356.2 1773.5 1841 1376
 40.1 40.1 40.1 40.1 40.1 40.1 40.1 40.1 40.1 2440.7
 146.6 195.9 213.8 843.8 876.2 988.7 1570.7 1745.7 1813.8 1936.8
 73.2 248.8 267.8 486.6 810.3 1052.6 1360.2 1708.7 1776.7 2335.8
 40.1 40.1 45.4 63.4 629.6 1023.6 1075.2 1641.9 2066.2 2204.6
 233.8 258.5 277.8 617.2 784.8 1419.2 1471.1 1469.6 1537.2 0
 114.7 133.3 207.8 516.3 602.7 990.3 1042.5 1487.6 2777 0
 125.3 172.5 350.4 400.3 964.6 1076.1 1128.7 1288.8 1344.7 1912.3
 40.1 40.1 40.1 40.1 40.1 40.1 40.1 40.1 40.1 40.1
 40.1 41 47 118.3 259.7 1144.5 1455.1 2045.9 2106.5 1209.3
 40.1 41.4 47.4 606.8 700 813.1 866.6 2069 2131.5 2262.7
 90.5 133.8 469.9 520.8 552.4 1034.5 1088.2 1250.8 2391.5 1072.6
 116 164.3 180.6 264.5 294.3 1101.8 1155.8 1950.9 2011.5 2160.6
 117.8 325.3 344.8 434.1 741.5 853.8 1665.6 1821.7 1883.4 0
 220 296 315.3 608.7 640.6 753.1 806.7 1713 1775.4 1545.2
 72.5 189.4 206.7 722.1 992.3 1182 1235.8 787.7 855.8 1587.2
 40.1 41.2 47.1 752 848.1 1309.5 1363.5 1708.4 1775.9 1935.2
 245 299.4 318.8 569.3 601.4 713.3 767.5 1705.1 1772.7 1932.1
 129.4 201.9 405.4 456.1 488.1 979.5 1652 1789.8 2186 2345.3
 77.5 119.7 359 409.4 441.3 553.5 607.2 1415 1481.8 2538
 139.8 292.7 311.5 631.8 721.6 1188.1 1525.2 1666.1 1733.1 1889.5
 40.1 40.1 44.8 593.1 772.2 1201.1 0 0 0 0
 169.6 366.9 386.4 509.4 597.1 1008.6 1053.3 1205.3 1273.1 1432.7
 55.6 119.4 133.1 214.1 940.7 1323.8 598.1 751.1 819.2 1612.3
 193.6 216.9 321.4 371.3 948.9 1060.2 1106.6 1257.9 1325.7 1485.2
 136.3 225.3 243.1 361.5 392.4 1341.2 1389.5 1540.9 2009.9 2169.3
 126.3 145.8 193.2 381.7 412.9 1071.4 1127.7 2165.9 2231.2 2812
 57.9 69.2 165.3 590.9 622.8 1046.7 1266.6 2154.3 2220.1 2378.5
 54.2 119.8 165.8 496.1 527.9 1445.4 1665.4 2074.4 2837.3 2995.8
 146.3 347.5 366.9 417.6 979.8 1204.4 1258.2 1400.9 1466.1 1624.8
 40.1 40.1 40.1 40.1 40.1 40.1 40.1 40.1 40.1 40.1
 291 368.6 488.3 607.4 735.9 847.3 910.7 1282.3 1348.1 1762.2
