# Created by Octave 3.0.1, Sat Sep 05 13:47:18 2009 PDT <jwawerla@walle.autolab>
# name: prt
# type: matrix
# rows: 100
# columns: 10
 246.4 340.4 434.6 525.6 714.2 1062.2 1907.3 2054.4 2121.6 2280.6
 92.09999999999999 108 144.4 838.3 917 1463.6 1512.9 1661.1 1728.5 3259.4
 77 170.6 186.2 881.5 1163.8 1316 1368.8 1923.3 1990.7 2143.4
 178.9 221.1 264.7 692.1 725.3 1563.2 1617.4 1764.1 1831.6 1986
 146.6 264.9 284.1 890 923.3 1200.4 1565.2 1712.5 1780 1935.5
 204.5 230 248.6 697.3 731.2 1419 1888.6 2277.7 2619.6 2775.7
 117.5 272 291.4 778.5 812.6 1277.1 1698 1569.2 1637 1794.3
 137.6 159.8 176.5 586.5 917.8 1726.1 1779.8 1927 1994.2 2637.6
 183.1 227.7 246.9 288.6 606.9 1019.6 1361.5 2140.9 2208.2 3012.8
 178.8 298 339.8 463.7 792.8 1081.7 1136.1 1944.6 2011.9 2622.6
 158 180.8 198.5 648.7 842.4 1371.8 2086.1 2428 2495.3 2649.6
 124.8 145.5 243.5 324.8 1118.5 1220.4 1274.4 1421.4 1488.7 1644.1
 101 245.7 265.1 662.4 838.4 1098.1 1152.6 1301.6 1369.1 2740.1
 86.3 138.1 317.7 813.9 1077.1 1502.6 1557.3 1705.9 1773.5 2518.4
 56.3 125 165.5 585.6 613.8 1284.5 1339.5 2420.7 2488.1 2641.5
 145.6 458.8 640.9 721 750 1129.8 1378 1683.5 1751 2552.7
 128.7 433.9 474 522.4 551.9 867.8 923.3 2028.4 2095.9 2249.8
 58.1 139.7 196.3 637.8 667.9 1497.5 1553.1 2348.3 2415.7 1628.5
 59.9 157.6 172.5 908.2 938.5 1504.5 1694 1838.7 1906.1 2065.8
 128.7 203.3 316.6 783.5 853.3 1006.5 1062.4 2003.1 2070.6 2228.4
 179.7 358.5 376.7 752.9 821.9 925.4 981.5 1637 1704.4 1866.5
 75.90000000000001 145.4 331.3 1029.5 1060.4 1215.1 1271.4 1416 1789 2582.8
 104.5 177.8 192.9 685 753.7 858.1 914.7 2814 2881.4 3039.4
 290.3 414.5 544.2 829.6 929.1 1236.5 1293.2 1666.1 1733.5 1891.5
 181.9 395.4 458 503.7 771.3 1184.3 1241 2296.2 2363.6 1858
 40.1 75.5 129 811.2 842.4 947.6 1456.3 1599.9 1667.3 1740.6
 128.1 416.8 434.5 675.5 1004.4 1373.1 1580.3 1724.1 1791.4 1946.8
 86.09999999999999 184.8 200 572.2 640 1196.8 1253.4 1730.3 1797.7 3398.3
 137.9 295.6 333.8 544.6 576.1 1380.1 1627 2115.5 2182.9 2337.3
 82.09999999999999 175.9 316.4 457.5 489.1 1490.2 1546.8 1690.9 1758.3 1807.1
 134.6 152.4 166.3 499.6 576.1 1026.2 1082.9 2012.7 2080.1 2235.6
 108.2 124.1 136.7 805.9 838.1 1129.6 1186.4 1891.3 1958.7 2115.3
 83.8 135 148.4 524.7 714.8 1434.7 1491.5 2027.3 2582.3 2738.7
 85.90000000000001 232 554.6 739.9 772.3 1021.6 1502.1 1645.3 2192.2 2730.4
 217.5 239.1 254.8 450.5 482.8 1028.2 2149.6 2292.8 2800.3 2955.9
 98.8 113.9 125.5 337 990.4 1094.2 1150.2 1293.7 1602.1 2210.6
 196.9 218.1 233.7 804.2 836.2 1158.2 1214.3 2001.2 2066.7 2225.8
 74.7 215.6 453.2 548 887.9 1434.6 1490.7 1681.5 1749 1908.2
 183 258.9 565.2 611.7 643.6 1485 1541.1 1507.8 1575.4 1734.9
 71.40000000000001 201.4 216 827.2 906.5 1089.3 1769.8 2120.2 2187.4 2346.4
 83.09999999999999 194.3 230.7 668.7 700.8 1003.1 1449.7 2092.7 2159.9 2319
 74.3 175.1 368.3 448.3 480.3 877 1815 2134 2201.2 2817.1
 158.8 296.7 357.6 467.1 869.6 1212.3 1267.3 2391.7 2458.9 2967.3
 117 133.7 146.1 566.2 704.4 808.6 1620.8 1762.7 1830 1988.3
 58 68.09999999999999 387.4 433.3 510.4 1095.4 1149.6 2066.1 2134 2276.6
 57.8 67.90000000000001 123.7 735.7 768.1 872.4 1550.8 1699.2 1766.7 3259.1
 130.6 148.7 251.7 294.7 325.8 1178.8 1232.9 1383.2 2059.2 2212.2
 114.6 151.1 206.7 248.2 855 1361 1415.2 2436.3 2498.8 3074.8
 59.3 124.8 426.5 777.2 911.7 1204.8 1477.4 1624.3 1688 3150.1
 131.1 149.5 184.6 487.5 519.6 1311.4 1690.1 1835.2 1899.7 2053.6
 73.2 128.4 140.2 860.7 1123 1358 1662.4 1806.6 2183.8 2784.4
 164.2 278.5 319 752.1 950 1321 1375.4 1715.7 1780.9 2341.2
 155.8 229.5 307.5 724.4 756.8 1445.4 1722.7 2147.5 2213 2368.4
 99 114.9 126.1 638.5 885.4 1313.1 1367.6 2048.3 2114 2269.9
 151.6 209.2 291.1 867 942.7 1350.6 1405.1 1548.4 1614.3 1770.5
 148.2 351.5 367.8 684.5 764.3 1027.8 1612.8 1756 1822.1 1978.6
 60 203.1 261.7 697.2 729.6 833 887.4 1032.8 1099 1767.8
 57.1 67.5 75.2 582.2 614.7 1546.5 1601 1246.7 1795 1954.5
 125.7 144.1 583.1 722 823.5 1250.4 1305 1982.4 2049.6 1909.6
 62 73.3 125.8 691.8 1112.3 1215.7 1965.9 2316.1 2383.3 2543.5
 60.3 71.3 123.8 459.6 1026.6 1258.7 1313.2 1818.9 1886.2 2047.2
 130.6 190.9 391.5 565.2 1015.8 1445.9 1500.4 1643.8 1711.2 3774.9
 145.7 222.9 237.2 548.1 580.1 1479.2 1533.8 1914.3 1981.8 2139.1
 74.2 144.8 586.6 631.6 707 1611.1 1782.6 2135.6 2203 2006.5
 75.09999999999999 109.5 119.6 374 1192.1 1688.6 1743.3 1837.4 1900.7 1253.5
 139.4 423.9 439.2 559.7 835 1523.5 1578.2 1867.9 1935.3 2094.5
 73.8 107.1 117.1 764.9 796.8 964 1463.9 1609.8 1677.3 2830.7
 169.6 335.5 483.7 822.2 854.2 1049.2 1429.9 2343.9 2411.3 2565.6
 57.1 67.59999999999999 120.7 741.2 820.7 1525.1 1681.5 1824.4 1891.9 2047.5
 72 140.7 152.4 812 844.1 1410.5 1770.6 1912.4 1979.8 2136.2
 235.5 259.1 273.6 735.7 805.6 1402.4 1574.4 1716.1 1783.6 2743.9
 138.8 158.4 218.6 813.5 1065.6 1222.3 1923.4 2064.8 2398.7 2555.3
 235.4 317.9 393.4 591.1 790.3 1409.4 1619.5 2287.2 2354.4 2511.3
 158.6 265.9 280.7 834.5 906.7 1478.6 1533.2 1989 2056.3 2680.9
 142.2 162 390.6 739.8 772 926 980.6 1846.6 1913.8 2070.8
 161.9 343.8 402.3 446.2 923 1165.7 1220.3 1909.9 1977.2 2134.3
 88.59999999999999 233.5 625 724.8 800.5 1034.8 1267.7 1410.8 1478.1 2973.5
 148.9 298.6 337.9 381.7 413.2 971.9 1749.7 1893.1 1960.4 2645
 166.5 325.5 340.2 743.2 775.4 1232.8 1588.2 2000.4 2067.7 2911.6
 183.8 205.4 218.7 504 836.7 1113 1611.4 2010.7 2864.5 3020.3
 178.2 199.6 343.1 776.3 1125.3 1228.6 1283.1 1806.2 1872.6 2160.6
 214.1 301.5 357.5 628.4 785.6 1442.1 1862.4 2006.2 2072.7 2226.1
 129.1 203.1 216.4 659 933.2 1196.7 1251.2 2007.1 2073.7 2230.2
 85.8 173.4 253.1 686.4 1000.1 1103.4 1158 2002.9 855.8 1587.2
 41.1 48.6 53.8 332.4 1032 1612.6 1667.2 2127.6 2190.6 2349.6
 209.6 232.3 268.7 748.6 780.1 1011.9 1682.4 1826.1 1891 2696.1
 181.1 221.2 235 276.6 306.4 1696.7 1751.3 1894.9 1959.2 2117.1
 175.8 254 468.6 845.2 922.8 1653.2 1843.3 1986.7 2050.4 2208.7
 86.09999999999999 155.5 480.4 649.9 762.6 1329 1383.6 1900.3 1963.8 2122.2
 155.4 176 188.5 570.1 601.9 1382.1 1436.8 1580.4 1962.5 2739.1
 238 313.1 327.9 480.7 512.4 1416.2 1584.4 1910.7 1976.2 2134
 71.40000000000001 184.9 197.9 361.1 392.4 1421.1 1475.9 1619.5 1685.2 2946.3
 73.09999999999999 517.8 612.9 659 811.1 1104.7 1583 1726.8 2327 2992.9
 72 365.7 423.8 523.1 592.3 1233.9 1288.7 2106.2 2172 2723.4
 132.1 308.5 345.7 907.5 939.6 1041.7 1619.6 1763.2 1828.8 1986.1
 150 169.7 182.2 850.3 973.2 1403.4 1571.7 1715.3 1781 2378.5
 194.7 276.1 404 541 614.5 1354.6 1624.4 2089.7 2155.7 2995.8
 73.09999999999999 126.2 137.1 906.9 939.2 1306.6 1361.4 2078.1 2433.2 2588
 108.9 125.7 136.7 629.7 758.2 1155.2 1209.9 2145.8 2211.6 2368.5
 129.9 148.5 160.4 632 664.3 1659.2 1714 2159.4 2225.2 2382.8
