# Created by Octave 3.0.1, Thu Sep 10 06:14:20 2009 PDT <jwawerla@marvin2>
# name: prtA
# type: matrix
# rows: 100
# columns: 10
 211.4 254.8 274.9 737.1 773.7 1013 1677.2 1825.8 1893.1 2696.1
 672.9 699 722.1 812.7 866 1612.4 1677.8 1835 1903.7 3397.1
 340.4 492.2 525.6 1007.8 1062.2 1988.9 2054.4 2211.8 2280.6 3790.5
 138.2 258.8 287 1095.6 1142.9 1269.4 1333.6 2098.1 2166.6 2213.2
 108.8 565.3 619.5 916.2 1286.4 1415.3 2012.9 2169.2 2237.8 2117.1
 173.1 430.7 463.3 560.8 1483.1 1614.6 1680.1 1837.6 2212.7 2373.4
 157.6 375.1 908.4 1089.2 1509.4 1774.6 1840.4 1998.1 1906.7 2065.8
 109.4 269.1 842.8 1418 1471.3 1604.2 1670.3 1828.3 3268.9 3494.3
 168.1 334.3 359.1 790.4 1189.4 1615 1947.2 2103.5 2854.9 3033.6
 73.8 448.1 523.5 890.1 1379.1 1819.3 1884 2465.7 2533.4 2727.7
 74.2 367.5 395.5 784.5 834.4 1842.9 2082.3 2258.3 2323.3 2959.2
 129.3 389.3 512 1109.5 1228.9 1534.9 1600.3 2113.4 3746.4 3925.3
 138.9 219 241.1 1073.1 1173.6 1948.5 2013.3 2452.5 2518 2693.7
 182.1 237.3 260.1 321.6 760.3 1780.7 1845.7 2018.8 2084.4 2857.2
 77.59999999999999 126.5 363.6 1301.4 1655.2 2016.3 2081.9 2434.5 2510.8 2696.4
 152.6 288.7 569.2 944 1172.2 1616.8 1682.6 1710.5 1778 1937.2
 211.4 251.9 274.3 747.6 1067.7 1931.8 1997.2 2684.7 2750.8 2924.3
 59.3 168 476.3 1197.3 1244.5 1374.2 1805.1 2540.2 2606.5 2778.1
 107.2 268.6 527.8 901.5 1053.1 1182.5 1246.6 2629.6 2696.2 2866.5
 133.4 320.2 760.5 912.4 958.2 1087.2 1151.2 2109.2 2175.9 2345.1
 180.8 343.9 451.2 1127.9 1169.3 1296 1738.1 1897.9 1973.6 2741.3
 64 128.1 467.8 1118.5 1160.6 1221.6 1962.1 2317.6 2384.6 2543.5
 76.8 151.9 598.8 705.6 747.9 1791.5 1855 2132.3 2199.5 2138.5
 202.9 229.8 248.2 837.4 1097.6 1225.4 1931.7 2106.2 2182 2225.8
 246.7 367.7 385.9 818.3 859.6 986.7 997.5 1650.8 1718.4 1877.8
 132.5 335.7 353.4 930.6 970.9 1618.2 1686.6 1863.9 1938.6 2105.8
 57.5 185 429.6 898.2 1128.1 1469.8 1537 1709.6 3106.1 3272.6
 233 313 331 501.8 542.7 1580.3 1830.2 2002.8 2090.4 2735.1
 88.40000000000001 122.3 135.4 738 778.3 1195.7 1261.9 2221.8 2299.5 2462.1
 113.9 132.1 145.8 685.7 726.3 1606.4 1672.5 1840.6 1918.4 2080.9
 84 230.6 553.6 752.7 792.6 1482.8 1548.4 2194.9 2654 2816.2
 188.8 208.7 284 546.1 626.1 1381.1 1660.6 2145.8 2220.2 2222
 68.5 194.2 208.3 827.2 912.3 1107.2 1794.9 2155.7 2229.1 2346.4
 79.40000000000001 109.8 120.7 607.8 1000.5 1117.9 1181.7 1973 2530.4 2694.8
 68.2 78.8 127.5 900.2 936.8 1316.1 1769.3 2405 2477 2640.5
 170.1 206.6 219.4 293.9 715 1570.4 1631.5 1795.7 1867.5 2030.7
 139.5 307.6 460.4 707.9 743.1 1132.6 1386.1 1708.6 1780.1 2593.4
 133 150 160.9 424.7 765.2 927.9 1563.2 1875.9 1947.2 2112.1
 79.40000000000001 161.8 173.2 315 713.5 1107.5 1168.2 2160.8 2881.8 3048.4
 55.6 64.90000000000001 71.2 451.4 706.9 1262.9 1323.7 1823.9 1891.3 2050.5
 66.3 204.7 459.6 512 547.7 873.3 1670.7 2057.7 2129 2293.8
 130.1 146.9 421.9 549.2 828.3 1525.7 1585.8 1897.7 1968.7 2134.8
 67.2 78.09999999999999 385.8 649.2 725.5 1107.9 1591.3 1753.8 2359 3033.5
 76.8 182.8 194.9 658.5 693.9 1003.7 1454.3 2111.7 2182.5 2348
 54.7 189 201.2 319.3 719.6 830.6 890.2 1051.7 1905.7 2072.1
 90.59999999999999 139.8 150.4 237.6 658.7 1359.4 1419 2455.6 2495.9 3074.2
 132.5 165 262.8 310.8 896.1 1478.1 1537.3 1991.6 2058.9 2681.7
 40.1 82 146.2 1017.3 1051.1 1215.1 1274 1437.6 2445.8 2611.8
 104.2 136.1 146.9 327 652 1656.9 1715.7 2181.3 2249.1 2414.8
 40.1 69 75.90000000000001 151.7 830.4 942 1452.2 1615 1682.7 2381.7
 68.8 79.09999999999999 86.90000000000001 202.6 890.5 1303.5 1361.4 1932.3 2000 2140.6
 54.1 62.7 140.4 620.7 653.4 1492 1550.1 2363.1 2430.9 2843.5
 155.7 281.5 295.4 441.2 772.1 1069.9 1127.9 1948.4 2016 2638.9
 77.59999999999999 88.40000000000001 150.3 533.3 662 1315.4 1373.3 1905.8 1973.4 2137.9
 64.3 73.7 135.3 506.4 824.3 1396.5 1760 1918.8 1986.4 2150.8
 146.4 161.9 290.6 382 476.2 1193.6 1251.5 2387.8 2454.8 2968.5
 65.59999999999999 74.59999999999999 81.5 631.6 868.1 1338 1507.2 1800.6 2179.9 2789.2
 171.3 187.6 391.5 484.3 515 1168.1 1226.1 2292.9 2359.8 2623.3
 81.7 151.7 162.6 201.7 858.7 1386.4 1558.3 1711.4 1779.4 2283.8
 80 123.3 133.1 337.1 818.4 1162.8 1544 1697.1 1765.1 2516.1
 75.40000000000001 221.3 233.9 277.7 460.3 845.2 2134.2 2287.3 2795.8 2960.4
 219.8 237.4 250.3 600.7 783.3 1295.6 1562 1715.5 1783.5 2752.1
 50.9 58 63.7 720.3 751.9 1510.4 1670.4 1824 1892 2056.7
 136.1 184.8 196.9 664.2 695.7 1013.6 1602.6 1756.4 1824.4 1986.4
 74.7 132.2 142.6 558.6 986.6 1097.2 1569.1 1722.9 1790.9 1953
 92.09999999999999 195.9 246.2 493.4 856.3 1640.3 1698.1 1987.3 2055.3 2217.4
 51.6 59.1 64.8 412.5 444.3 1081.4 1139.1 2008.1 2075.1 2240.4
 40.1 41.4 45.4 312 806.9 1600.1 1657.9 2126.3 2195 2359.3
 204.9 294.8 408.2 569.8 910.9 1224.7 1282.5 1663.6 1732.4 1896.7
 63.3 72.2 176.6 339.9 371.5 1408.4 1466.3 1617.6 1686.4 2954.3
 65.2 150.2 289.1 361.9 393.9 960 1741.1 1892.5 1961.3 2654.1
 82.7 171.2 202 666 835.2 1038.3 1422.1 2344 2413 2577.2
 75.8 86.59999999999999 131.4 506.7 539.6 1425.7 1483.6 2028 2584.7 2748.9
 170 187.4 254.3 594 627.3 1476.9 1534.8 1307.4 1373.7 2756.2
 85.3 154.8 203 711.8 882.1 1342.1 1400.1 1551.2 1620.1 1784.4
 75.90000000000001 148.2 158.9 288 563.3 1471.2 1529.1 1918 1986.9 2152.9
 40.1 186.3 198.4 487.2 821.3 1106.8 1608.8 2015.3 2871.6 3017.9
 60.7 133.8 144.4 470.1 503.7 1303.4 1685.9 1837.3 1906.1 2072.7
 117 132 142.5 268.8 337.7 1215.9 1274 1425.4 1494.3 1661
 144.3 191.1 223.3 271.5 591.3 1016.2 1362.2 2141.5 2864.6 3031.1
 113.6 128.4 139.1 642.3 809.8 1245.3 1303.5 1992.1 2390.7 2726.9
 98.40000000000001 112.2 122.1 621.8 826.7 1126.6 1185 1896.8 1965.8 2131.4
 92 165.4 337.6 431.9 911.5 1163.6 1222.1 1919.1 1988.1 2152.3
 72.59999999999999 159.5 171.3 245.5 590.6 1380.8 1439.3 1589.2 1974.6 2757.8
 78.2 90.2 183.4 229.1 631.4 1195.8 1254.4 1737.2 1806.3 3416.8
 76.90000000000001 132.7 198.2 303.1 680.8 1196.5 1254.9 2016.9 2086 2249.9
 77.7 166.9 178.9 632.6 830.7 1372.5 2091.5 2435.9 2505 2668.2
 65.5 76.3 103.7 752.8 787.4 965.6 1469.2 1617.8 1687 2851.7
 151.1 187.6 200.3 740.1 940.8 1322.6 1381 1725.3 1794.4 2363.2
 109.3 125 270 701.5 802 1281.9 1708.2 1747.9 1814.8 3423.6
 159.1 241.2 255.2 580.7 782.9 1569 1627.6 2284.4 2351.3 2510.1
 79.40000000000001 92.40000000000001 230.3 715.5 794.4 1040.1 1276.9 1425.9 2462.8 2996.5
 87.8 214.1 227.8 439.7 749.9 1450.4 1732 2161.9 2230.9 2393.4
 76 284.6 299.2 456.2 780.9 1694 1873.6 2022.6 2091.7 2226.1
 64.7 140.8 152.6 515.1 587.9 1242.5 1301.4 2124.2 2193.3 2751.1
 66.59999999999999 111.2 177.7 677.3 750.7 866 924.8 2830 2899.7 2773.8
 51.4 60.4 66.8 336.5 610.3 1554.4 1613.3 2134.8 2201.9 2362.5
 80.90000000000001 142.7 154.6 493.8 574.3 1036.5 1095.6 2030.2 2100 2261.9
 88 148 159.8 578.7 913.3 1739.5 1798.7 1946.7 2016.4 2668.9
 128.7 197 320.2 540.7 577.1 1392.5 1642.1 2133.4 2203.2 2365
