# Created by Octave 3.0.1, Wed Sep 09 12:01:48 2009 PDT <jwawerla@marvin2>
# name: prt
# type: matrix
# rows: 100
# columns: 10
 179.1 192.9 260.3 354.5 408.9 1417.2 1446.1 1732.4 2018.4 2098
 40.1 202.6 500.5 701.8 854.3 1178.2 1281.7 1752.2 1784.9 2486.9
 93.2 246.2 249.6 633 886.8 931 960.6 1114.3 2192.8 2488.7
 134.4 145.2 270.2 609.8 626.5 1316.9 1422 1495.3 1523.7 2529.9
 179.6 357.7 361.7 510.5 734.9 1337.1 1715.7 1789.1 1818.7 2202.5
 99.5 108 301.5 326.5 1033.1 1268.5 1405.3 1800.8 1831.1 1908.4
 213 283.4 477.5 541.6 784.1 1380 1408.3 1568.9 1599.7 2000.4
 49.7 56.1 58.3 730.4 1132 1553.2 1581.6 2145.4 2176.6 2254.2
 120.5 201.9 205.8 431.6 1003.9 1439.2 1467.6 1896.1 2081.1 2159
 76.7 85.40000000000001 88.8 671.6 683.2 1684.3 1840.8 2079.1 2110.8 2188.9
 123.7 134.5 155.8 463.1 701.7 1149.2 1564.1 1637.2 2233.1 2712.1
 117.6 254.5 259.6 478 490.1 1566.1 1594 1667.2 2781.4 2859.5
 132.4 212.8 479.1 536.3 612.8 1217 1784.3 1857.6 1888.5 1966.8
 40.1 46.2 65.3 698.6 945 1371.9 1399.5 1836.7 1867.9 3091.5
 109.3 120 124.2 555 764.2 1045.4 1073.1 1288.3 1813.7 1891.8
 104.3 115 119.4 428.4 441.4 1351.4 1827.3 1900.7 1931.8 2254.7
 111.9 123 127.6 958.5 1000.8 1219 1246.5 1543.4 2180.4 2982.3
 87.59999999999999 154.2 159.2 264.4 277.9 1117.3 1144.9 2747.2 2778.3 2856.4
 135.9 193.3 198.7 456.7 880.6 925.4 1596.8 1856.2 1887.4 2697.2
 144.8 256.8 590.8 864.3 922.6 1364.6 1668.8 1741.3 1772.7 1850.7
 134.3 145.6 150.3 705.3 1056.9 1164.6 1191.8 2209.5 2241 2718.4
 116 141.8 146.7 165.7 178.6 1133.4 1232.4 1966.3 1997.9 2640.5
 114.6 125.9 130.9 672.2 935.6 1373 1917 2367.3 2399 2476.8
 110.2 121.6 126.7 393.8 644.2 1652.3 1679.4 2105 2136.8 2431.7
 113.8 197.7 203.5 433.9 1123.7 1245.4 1272.6 1902.2 1934 2976.3
 51.9 280.3 286.3 504.9 935 980.3 1714.8 1786.6 1818.5 2907.6
 132 143.6 149.4 321.3 730.6 1361 1387.8 1697.2 1729.1 2295.4
 124.6 236.6 333.2 536.4 576.1 1158.1 1938.8 2010.7 2042.7 2437.6
 183.8 196 202.2 602.5 957 1346.8 1373.5 1445.5 1863.1 1940.5
 106.5 117.4 398.3 1036 1134.3 1577.5 1789.1 1861.3 1893.3 1970.8
 130.1 265.4 271.4 291.8 304.4 1783.7 2117.5 2189.7 2221.8 2671.7
 40.1 245.1 251.1 630.8 643.7 1224.7 1251.4 1852.8 1884.9 2735.6
 239.6 251.2 368 388.8 401.8 1181.3 1208.1 2060.2 2092.4 2612.2
 107.8 212.4 218.5 393.1 853.8 898.8 1804.9 2295.8 2564.9 2642.5
 193.7 205.2 211.4 232.5 700.6 799.1 1674.4 1746.2 1778.5 3455.5
 86.59999999999999 96.09999999999999 255.2 276.8 424 1650.8 1677 2007.4 2039.7 2117.1
 40.5 282.5 288.7 393.3 582.4 1219.8 1246 2241.3 2273.6 1960.9
 203.8 329.9 353.7 509.6 522.3 1727.9 1813.2 1884.9 1917.2 2716.1
 82.2 91 197.7 368.1 1033 1169.1 1583.3 1763.2 1795.6 2852
 133.4 225.5 231.8 254.1 653.6 1653.6 1679.8 2443.8 2476.2 2551.2
 143.8 154.4 160.5 658.5 1068.4 1221.1 1247.3 1403 1435.5 2931.7
 116.1 126.3 333.5 412.5 986.3 1525.9 1552.2 2437.9 2470.4 2545.3
 168.5 179.5 185.6 818.7 856.3 1258.3 1536.6 1608.2 1640.8 2536.6
 138.4 149.1 231.1 292.2 304.4 987.8 1014.2 1085.9 1118.5 1196.5
 128.9 224.5 416 588 600.3 645.3 1437.9 2003.6 2036.2 2114
 109.2 119.3 125 145.7 712.2 1151.6 1337.7 1409.5 2439 2951.3
 124.6 135.1 372 394.8 807 1340.3 1366.4 1438.2 1470.7 2855
 225.9 237.4 243.7 266.5 605.5 1851.3 1877.4 1949.3 2285.2 2362
 80.40000000000001 200.2 206.4 707.8 719.8 1044 1657 2041.7 2074.2 2151.1
 116.8 127.2 133.1 1011.5 1023.6 1444.1 1926.9 1998.8 2031.3 2639.1
 122.9 234.8 241.2 461.9 474.2 1047.9 1504 1576 1608.5 2322.6
 102.6 200.8 239.3 379.7 1074.2 1119.2 1739.7 1811.7 2271.9 2348.8
 130.8 196.5 203 879.4 989.9 1396.5 1422.3 2108.4 2383.1 2460
 94.40000000000001 104 109.7 568.1 960.4 1097.4 1123.3 1713.4 1745.9 2265.7
 123 133.5 139.7 325.4 954.9 1317.5 1343.4 2049.3 2081.8 2158.9
 221.4 273 279.8 567.8 886.9 1466.5 1492.5 2281.4 2314 2391
 213.5 284.8 291.7 479.5 491.1 1524.8 1695.8 2419.4 2451.9 2529
 119.7 130.1 136.4 332 883.2 928.4 954.5 1307.5 1957.5 3782
 67.40000000000001 75.7 301.3 548.4 679.9 1475.2 1501.3 2820.1 2852.5 2929.3
 40.1 40.1 426.6 716.5 728.2 1044.7 1381.5 1453.1 1485.5 2636.5
 91.7 101.4 106.7 326.3 440.7 1718 1810.8 1882.4 1914.9 1991.7
 132.6 216.2 319.5 689.9 701.7 1284 1310.2 1836.3 1868.8 1945.7
 146.8 158 163.9 284.4 296.3 1264.8 1599.2 2112.9 2341.4 2418.4
 104.2 206.6 212.7 540.1 622.5 1263.5 1395.4 1467 2861.8 2938.8
 162.1 173.4 299.1 387 427.7 1209.4 1235.6 1307.3 1339.6 1416.8
 91.09999999999999 100.9 164.6 1011.6 1023.8 1514.4 1540.6 2119.5 2151.9 2229.1
 110 266.9 273.1 349.4 523.9 1352.1 1498.8 1570.4 2294.2 2371.5
 40.1 88.5 308.7 577.4 589.8 1073.5 1947.3 2018.9 2536.9 2866.6
 40.1 40.1 239.5 728 740.6 1044.1 1650.8 1722.5 1754.7 2277.3
 40.1 59.9 63.7 258.2 609.4 1572.5 1598.6 1670.4 1840.7 1918.2
 140.9 152.1 232.7 341.7 402.8 833.3 1809.2 1961 2623.6 2701.1
 98.3 298.1 399 656.4 809.8 1134.2 1160.1 1869.9 1902.2 3233.2
 70.2 139.7 145.1 1110.8 1123.4 1551.4 1577.3 2051.5 2083.8 2161.1
 126.6 137.4 327.6 676.3 689 1259.8 1285.7 2079.9 2112.1 2189.5
 52.4 171.1 351 372.8 385.6 1806.5 1832.5 1904.1 1936.4 2013.8
 167.8 179.1 184.6 871.2 884.1 1304.7 1330.7 1835.6 2369.2 2446.6
 112.4 257.4 263.1 704.2 717.2 1653.9 1680 1751.6 1950.9 2028.3
 125.5 215.7 221.5 757.6 1060.1 1478.6 1504.7 1734.4 1766.7 1844.2
 57.8 231.8 237.7 280.6 293.6 1068.6 1094.8 1166.5 1609.8 3267.4
 200 211.3 552.8 877.4 890.5 1542.6 1639.1 1635.5 1668.4 1745.7
 123.9 244.7 250.5 547.4 906.9 1780.9 1873.4 1942 1975.7 2055.3
 170.7 181.7 187.4 243.3 863 1483.2 1509.5 2053.2 2086.8 2670.3
 105.7 201.4 269.4 291.2 367.4 1546.6 1572.9 1775.6 1809.3 2728
 145.7 232.9 238.8 336.2 349.2 922.8 949.1 1973.3 2007 2084.2
 108.6 183.3 189.1 277.9 319 781.8 1654 1896.3 2075.3 2152.9
 40.1 40.1 50.9 727.4 740.6 1163.5 1925.9 1995.9 2212 2290
 40.1 239.7 666.7 726.2 739.5 1553 1579 1887.1 1920.5 2347.2
 58.9 310.7 316.5 409.4 422.8 1167 1252.8 2198.9 2232.4 2310.3
 98.40000000000001 208.1 260.8 282.9 909.2 1653.5 1679.6 2204.5 2700.1 2778.2
 96.40000000000001 285.2 291.2 648 661.2 1019.1 1045.2 1549 1582.1 1660.4
 130.9 140.9 244.4 719.6 732.9 1332.1 1480.7 1892.7 1925.8 2954.2
 119.8 129.6 520.4 684.7 698.1 1595.5 1915.7 1986.3 2019.5 2097.5
 135.9 146 222.6 454.4 467.8 1923.8 1949.9 2020.4 2053.6 2864.5
 81.2 154.4 159.8 604.7 618.1 1530.3 1621.5 1692.1 2432 2510.1
 182.5 193.2 198.8 416 429.5 1344 1370.2 2326.3 2359.3 2437.5
 160.2 170.8 176.4 833.8 937 980.8 1110.7 1181.6 2609.1 2687.3
 175.6 186.3 371.4 438.1 780.8 1723.8 1750 1821 1853.4 1931.8
 103.3 162.6 168.1 665.9 927.6 1101.1 1762.2 2221.8 2254.3 2332.7
 114.9 208.2 213.9 838.1 1077.3 1779.9 1986 2056.6 2089.2 2167.6
 76.59999999999999 85 89.59999999999999 679 1006.1 1287.6 1313.8 2169.8 2202.4 2280.9
