# Created by Octave 3.0.1, Wed Sep 09 23:33:01 2009 PDT <jwawerla@marvin2>
# name: prtA
# type: matrix
# rows: 100
# columns: 10
 66.90000000000001 296.5 318.7 489.8 533.1 1407 1576.5 1906.6 1974 2133.1
 378 506.7 526.7 889.1 1364.6 1487.2 1854.4 1715.4 1782.9 2742.3
 287.9 724.3 891.4 1447.5 1501.6 1957.6 2024.1 2646.3 2715.2 2898.5
 333.6 872.9 902.8 1394.5 1450.5 1597.8 1665 2921.7 2990.6 2943.9
 309.2 700.7 1003.3 1111.5 1170.2 1999.4 2024.7 2397.9 2466.5 2783.6
 98.7 147.6 159.5 666.3 1119.5 2044.7 2110.1 2263.9 2382.6 2543.2
 73.5 242.5 256.8 766.1 819.3 2183.5 2248.9 2842.6 2961.3 3121.8
 89.59999999999999 301.5 361.4 878.2 1168.6 1308.8 2352.9 2857.1 2975.3 3135.8
 86.40000000000001 297.4 312.9 768.9 1404.4 1766.8 2113 2267.4 2385.7 2546.3
 154.7 331.2 347.7 809.9 1052.1 1853.1 1919.3 2073.9 2650.4 2811
 75.09999999999999 309.9 393.6 506.7 560.1 1588.6 1654.3 1809.1 3249.9 3410.4
 116.3 199.9 213.7 842.2 941.4 1071.2 1074 2000.1 2067.3 2226.3
 77.09999999999999 183.4 196.9 630 814.5 1257.8 1673.9 1826.7 1920.2 3525.3
 40.1 144.5 327.7 1049.9 1148.8 1278.6 1362.1 2454.6 2547.6 2708.1
 136.9 301.5 340.1 411.8 914.9 1769.6 1858 2537.4 2633.8 2794.3
 108.6 270.6 349 1124 1172.6 1305.3 1769.7 1922 2271.6 2431.5
 74.8 180.7 193.3 601.6 889.6 1454.6 1538.3 2007.1 1978.1 2749.3
 80.3 189.5 202.5 841.6 1075.2 2106.4 2385.4 2538 2616.6 2775.4
 210.3 422.9 550.3 929.1 977.2 1306.6 1388 1770.2 1847.8 2006.7
 138.5 457.5 612 736.8 783 1379.8 1614.3 1767.1 2490.4 3173.8
 172.9 257 295.9 628.2 1410.2 1533.1 1232.8 2144.5 2211.6 2370.6
 78.2 148.7 343.9 926 971.8 1618.3 1692.6 1845.2 1919.3 1985.7
 119.3 142.5 579.5 808.5 1107.9 1300.4 1373.6 2400.2 1795.4 3303.6
 55.5 136.1 188.7 644.9 687.9 1533.5 1607.7 2415.6 2408.2 3008.1
 133.6 153.9 164.2 743.5 835.9 953.1 1747.6 1859.2 1926.6 2085.8
 55.9 67.09999999999999 115.5 684 1040.2 1286.2 1721.2 1877.2 1949.2 2113.1
 66.8 194.6 206.7 829.7 918.5 1115.3 1809 2163.4 2234.8 2406
 223.8 246.1 258.9 733.9 811.8 1422.1 1607.5 1762.2 1833.3 2807.2
 180.6 216.8 229.2 281.1 728.7 1433.8 1916.6 2587.6 2658 2826.6
 65.8 142 152.5 515.9 591.4 1245.4 1311.7 2138.9 2209.1 2771.4
 94.59999999999999 202 252.4 837 921.2 1663 1864.4 2018.1 2088.3 2255.5
 40.1 43.6 47.8 323.7 1028.5 1620 1685.5 2155.5 2227.8 2394.4
 61.5 136.6 147.1 475.9 513 1315.2 1704.3 1857.5 1929.6 2095.8
 117.6 151.8 219.9 472.6 574.9 1483.8 1548.3 1939.1 2010.7 2176.6
 145 193.2 224.3 271.6 593.9 1018.7 1370.2 2150.9 2875.8 3038.4
 159.4 241.5 254.6 578.1 782.1 1410.8 1630 2308.2 2379 2541.6
 40.4 97.3 106.2 169.2 893.3 1455.1 1518.7 1670.6 1739.5 3255.3
 127.2 143.8 155 545.6 824.9 1522.4 1585.4 1885.9 1954.7 2120.4
 179 214.7 228.5 735.6 771.6 1011.4 1689.7 1841.1 1913.3 2726.9
 153.2 171.3 321.6 371.3 765.6 1231.1 1593.9 2013.4 2085.4 2940.4
 110.3 125.2 270.3 699 799.9 1276.1 1705.4 1415.5 1794 2593.7
 40.1 69 76.3 613.4 835.9 946.4 1460.2 1614.1 1681.7 2150.5
 112.4 144.8 157.1 802.2 1057.6 1221.9 1930 2348.8 2422.1 2586.7
 172.7 191.5 205.5 493.3 829.2 1113.6 1618.7 2026.3 2883.6 3048
 77.09999999999999 136.1 418.9 564 994.2 1366.5 1578.1 1729.6 1801.7 1965.3
 137.2 153.2 164.6 305.1 903.8 1190 1561 1711.8 1783.3 1945
 75.40000000000001 134.5 145.3 512.5 954.1 1259 1493.3 1644.1 1715.5 3783.9
 120.3 135.3 146.2 277.2 308.8 1164.5 1224.5 1375 2062.2 2223.6
 52.3 59.9 122 473.3 595.9 1271.7 1332 2417.4 2488.5 2639.5
 53.5 61.3 121.1 592.5 892.1 1187.7 1466.2 1617.4 1688.4 3161.2
 181.1 198.1 209.9 428.4 552.1 1240.5 1396.8 2084.4 2155 2516.2
 83.09999999999999 111.5 120.6 575.4 736.7 1136.9 1196.8 2144.5 2211.6 2370.6
 77.8 89 97.2 687.7 753 859 1488.7 1640.3 2190.7 2737.2
 50.7 58.5 64.3 721.7 754 1509.4 1671.3 1823 1893.6 2057.3
 165.4 201 213 283 699.5 1548.5 1608.3 1759.8 1830.3 1991.9
 52.1 60.3 65.90000000000001 413.8 445.7 1078.6 1137.9 1709.1 1780 2746
 65.7 75.90000000000001 155.4 639.8 713 1091.1 1573.9 1724.1 2328.6 2998.7
 74.3 102.5 110.9 618.6 865.7 1297.8 1357.2 2045.1 2109 2268
 87.90000000000001 202.4 214.4 257.9 817.7 1143.6 1203.1 1996 2066.9 2225.8
 102 203.1 215.2 259.2 289.6 788.4 1743.6 1891.6 1962.5 2124.9
 150.8 186.6 198.4 539 931.1 1307.3 1366.5 1710 1780.8 2348.7
 77.09999999999999 89.09999999999999 151 535.4 665.2 1318.4 1377.7 1899.3 1970.2 2132.5
 40.1 64.40000000000001 70.7 473.8 854.1 1203.9 1603.6 2317.5 2388.4 2550.7
 53.7 186.4 198.5 314.1 711.8 820.3 879.7 1027.8 1098.6 1956.1
 51.8 60.1 66 717.9 750.4 859 1542.7 1690.8 1761.6 3259.1
 77.5 121.2 131.5 549.3 687.9 796.7 1614.3 1762.7 1833.3 1995.6
 80.2 125.4 135.9 793.5 826.2 1493.9 1553.3 1702.4 1773.1 2527.8
 76.09999999999999 282.5 296.6 386.3 645.2 1432.6 1857.8 2006.9 2077.6 2239.9
 127.7 193.4 294.5 529.7 562.1 1370.5 1620.3 2113.8 2183.7 2344.8
 117.6 132.9 143.8 268.3 335.6 1211.6 1271.1 1420.2 1490.1 1652.2
 136.4 186.7 199.4 669.2 701.7 1018.9 1607.1 1756 1825.9 1988
 64.40000000000001 126.2 137 797.8 830.5 1403.7 1766.9 1915.8 1985.8 2147.8
 66.7 77.09999999999999 141.4 617.4 693.5 1604.3 1778.7 2138.6 2208.5 2749.1
 87.8 146.5 158.5 451.6 643.9 1723.5 1781.4 1930.4 2000.4 2652.2
 66.8 110.8 178.1 673.3 744.1 854.3 912.2 2817.3 2886 3047.2
 76.90000000000001 89.2 136.4 514.2 705.6 1432.5 1490.5 2032.3 2588.6 2749.8
 68 97.7 176.6 403.6 471.5 874.8 1815.8 2139.2 2207.8 2826.7
 81.3 142.7 155.2 491 569.1 1026.9 1084.7 2020 2088.6 2250
 100.4 115.3 126.4 627.6 831.3 1130.2 1188 1898.6 1967.2 2128.6
 52 61.1 68.09999999999999 335.4 606.8 1546.7 1604.8 1708.5 1778.3 2534.3
 90.09999999999999 140.8 153.5 240.2 660.3 1361.5 1419.6 2429 2495.9 3074.2
 170.8 255.5 363.8 446.8 817.5 929.3 987.5 1646.9 1715.6 1877.8
 172.9 383.6 400.7 498.3 768.5 1189.5 1248 2308.3 2377 2749.3
 66.3 77.3 126.7 899.4 933.5 1311.6 1370.3 2092 2450 2609.6
 55.1 147.1 160.4 719.6 933.6 1510.4 1703 1851.9 1920.5 2080.2
 76.2 182.9 219 662.6 696.5 1007.9 1457.4 2101.6 2170.2 2329.8
 118.6 135.9 204.6 653.2 929.5 1203.1 1261.8 2022.8 2091.4 2251.1
 75.2 105.7 116.7 330.9 632.6 1100.8 1159.6 1307.3 2372.4 2535.8
 82.59999999999999 156.8 170.4 843.3 878.8 1411.8 1584.3 1732.3 1799.9 2543.5
 79.90000000000001 144.2 232.6 717.3 796.5 1041.7 1278.7 1426.7 2462.1 2993.3
 80.2 233.3 248.8 650.7 834.8 1106.1 1165 1312.9 1380.4 2759.3
 67.8 79.59999999999999 109.6 367.7 402.5 1697.3 1756.2 1732.5 1800.4 2367.3
 84.40000000000001 177.1 336 816.9 852.7 1164.2 1443.6 2361.7 2429.2 2565.7
 65 203.8 461.2 515.6 551.3 879 1674.8 2045.6 2113.1 2273.9
 66.8 98 108.4 760.8 796.8 975.9 1479.9 1627.6 1695.3 2857.4
 141.4 197.8 212.6 863.5 943.3 1363.1 1421.9 1569.7 1637.3 1798
 69.09999999999999 81.59999999999999 168.8 555 1159.7 1325.9 1793.5 1941.3 2009 2169.7
 164.1 254.1 348.5 513.7 550 1060.6 1924.9 2073.4 2141 2280.6
 94.2 171.4 347.1 444.7 925.9 1181 1240.3 1935.9 2003.5 2164.3
 67 79.8 132.4 858.9 1125.4 1372.8 1682.3 1830.8 2210.8 2817.7
