# Created by Octave 3.0.1, Sat Sep 05 14:01:21 2009 PDT <jwawerla@daneel>
# name: prt
# type: matrix
# rows: 200
# columns: 10
 246.4 340.4 434.6 525.6 714.2 1062.2 1907.3 2054.4 2121.6 2280.6
 92.09999999999999 108 144.4 838.3 917 1463.6 1512.9 1661.1 1728.5 3259.4
 77 170.6 186.2 881.5 1163.8 1316 1368.8 1923.3 1990.7 2143.4
 178.9 221.1 264.7 692.1 725.3 1563.2 1617.4 1764.1 1831.6 1986
 146.6 264.9 284.1 890 923.3 1200.4 1565.2 1712.5 1780 1935.5
 204.5 230 248.6 697.3 731.2 1419 1888.6 2277.7 2619.6 2775.7
 117.5 272 291.4 778.5 812.6 1277.1 1698 0 0 0
 137.6 159.8 176.5 586.5 917.8 1726.1 1779.8 1927 1994.2 2637.6
 183.1 227.7 246.9 288.6 606.9 1019.6 1361.5 2148.8 2869 3025.2
 178.8 298 339.8 463.7 792.8 1081.7 1136.1 1953 2019.2 2633.5
 158 180.8 198.5 648.7 842.4 1371.8 2086.1 2436.8 2503.1 2659.7
 124.8 145.5 243.5 324.8 1118.5 1220.4 1274.4 1429 1495.4 1652.3
 101 245.7 265.1 662.4 838.4 1098.1 1152.6 1307 1373.6 2747.7
 86.3 138.1 317.7 813.9 1077.1 1502.6 1557.3 1711.4 1778.1 2525.6
 56.3 125 165.5 585.6 613.8 1284.5 1339.5 2426.2 2492.9 2648.3
 145.6 458.8 640.9 721 750 1129.8 1378 1688.8 1755.6 2559.2
 128.7 433.9 474 522.4 551.9 867.8 923.3 2033.8 2100.6 2256.1
 58.1 139.7 196.3 637.8 667.9 1497.5 1553.1 2353.6 2420.5 0
 59.9 157.6 172.5 908.2 938.5 1504.5 1694 1843.7 1910.6 2065.8
 128.7 203.3 316.6 783.5 853.3 1006.5 1062.4 2008 2074.9 2236.6
 179.7 358.5 376.7 752.9 821.9 925.4 981.5 1641.3 1708.3 1869.9
 75.90000000000001 145.4 331.3 1029.5 1060.4 1215.1 1271.4 1420.2 1792.7 2588.5
 104.5 177.8 192.9 685 753.7 858.1 914.7 2818.2 2885.1 3046.1
 290.3 414.5 544.2 829.6 929.1 1236.5 1293.2 1670.1 1737 1898
 181.9 395.4 458 503.7 771.3 1184.3 1241 2300.2 2367.1 0
 40.1 75.5 129 811.2 842.4 947.6 1456.3 1603.5 1670.4 0
 128.1 416.8 434.5 675.5 1004.4 1373.1 1580.3 1727.6 1794.6 1946.8
 86.09999999999999 184.8 200 572.2 640 1196.8 1253.4 1733.6 1800.6 3414.9
 137.9 295.6 333.8 544.6 576.1 1380.1 1627 2118.7 2185.7 2353
 82.09999999999999 175.9 316.4 457.5 489.1 1490.2 1546.8 1694.1 1761.1 0
 134.6 152.4 166.3 499.6 576.1 1026.2 1082.9 2015.7 2082.8 2235.6
 108.2 124.1 136.7 805.9 838.1 1129.6 1186.4 1894.3 1961.4 2131.5
 83.8 135 148.4 524.7 714.8 1434.7 1491.5 2030.2 2584.9 2754.6
 85.90000000000001 232 554.6 739.9 772.3 1021.6 1502.1 1648.1 2194.8 2746.9
 217.5 239.1 254.8 450.5 482.8 1028.2 2149.6 2295.6 2802.9 2971.8
 98.8 113.9 125.5 337 990.4 1094.2 1150.2 1296.3 0 0
 196.9 218.1 233.7 804.2 836.2 1158.2 1214.3 2003.7 2066.7 2225.8
 74.7 215.6 453.2 548 887.9 1434.6 1490.7 0 0 0
 183 258.9 565.2 611.7 643.6 1485 1541.1 0 0 0
 71.40000000000001 201.4 216 827.2 906.5 1089.3 1769.8 2120.2 2187.4 2346.4
 83.09999999999999 194.3 230.7 668.7 700.8 1003.1 1449.7 2096.2 2165.2 2333.5
 74.3 175.1 368.3 448.3 480.3 877 1815 2140.6 2209.6 2835
 158.8 296.7 357.6 467.1 869.6 1212.3 1267.3 2399.6 2468.5 2986.5
 117 133.7 146.1 566.2 704.4 808.6 1620.8 1771.4 1840.3 2007.7
 58 68.09999999999999 387.4 433.3 510.4 1095.4 1149.6 0 0 0
 57.8 67.90000000000001 123.7 735.7 768.1 872.4 1550.8 1699.2 1766.7 3259.1
 130.6 148.7 251.7 294.7 325.8 1178.8 1232.9 1385.3 2069.8 2236.5
 114.6 151.1 206.7 248.2 855 1361 1415.2 2442.3 2510.8 3098.9
 59.3 124.8 426.5 777.2 911.7 1204.8 1477.4 1629.2 1697.7 3173.3
 131.1 149.5 184.6 487.5 519.6 1311.4 1690.1 1841.8 1910.3 2076.1
 73.2 128.4 140.2 860.7 1123 1358 1662.4 1814.1 2194.8 2806.6
 164.2 278.5 319 752.1 950 1321 1375.4 1722.5 1790.9 2361.8
 155.8 229.5 307.5 724.4 756.8 1445.4 1722.7 2155.1 2223.5 2388.8
 99 114.9 126.1 638.5 885.4 1313.1 1367.6 2056.6 2124.9 2290.1
 151.6 209.2 291.1 867 942.7 1350.6 1405.1 1556.4 1624.7 1789.8
 148.2 351.5 367.8 684.5 764.3 1027.8 1612.8 1764 1832.3 1997.2
 60 203.1 261.7 697.2 729.6 833 887.4 1038.6 1106.9 0
 57.1 67.5 75.2 582.2 614.7 1546.5 1601 0 0 0
 125.7 144.1 583.1 722 823.5 1250.4 1305 1982.4 2049.6 0
 62 73.3 125.8 691.8 1112.3 1215.7 1965.9 2329.1 2397.4 2543.5
 60.3 71.3 123.8 459.6 1026.6 1258.7 1313.2 1829.5 1897.8 2065.7
 130.6 190.9 391.5 565.2 1015.8 1445.9 1500.4 1652.8 1721.1 3795.5
 145.7 222.9 237.2 548.1 580.1 1479.2 1533.8 1923.8 1992.1 2159.5
 74.2 144.8 586.6 631.6 707 1611.1 1782.6 2145.6 2213.9 0
 75.09999999999999 109.5 119.6 374 1192.1 1688.6 1743.3 0 0 0
 139.4 423.9 439.2 559.7 835 1523.5 1578.2 1867.9 1935.3 2094.5
 73.8 107.1 117.1 764.9 796.8 964 1463.9 1617.6 1685.9 2856
 169.6 335.5 483.7 822.2 854.2 1049.2 1429.9 2353.8 2422 2590.5
 57.1 67.59999999999999 120.7 741.2 820.7 1525.1 1681.5 1834.9 1903.1 2071.4
 72 140.7 152.4 812 844.1 1410.5 1770.6 1923.9 1992.1 2160.3
 235.5 259.1 273.6 735.7 805.6 1402.4 1574.4 1727.7 1795.9 2767.9
 138.8 158.4 218.6 813.5 1065.6 1222.3 1923.4 2343.2 2411.4 2579.2
 235.4 317.9 393.4 591.1 790.3 1409.4 1619.5 2299.2 2367.3 2535
 158.6 265.9 280.7 834.5 906.7 1478.6 1533.2 2000.6 2068.8 2704.1
 142.2 162 390.6 739.8 772 926 980.6 1857 1925.1 2092.4
 161.9 343.8 402.3 446.2 923 1165.7 1220.3 1920 1988.2 2155.4
 88.59999999999999 233.5 625 724.8 800.5 1034.8 1267.7 1420.2 1488.3 2994.3
 148.9 298.6 337.9 381.7 413.2 971.9 1749.7 1902.1 1970.2 2665.5
 166.5 325.5 340.2 743.2 775.4 1232.8 1588.2 2009.2 2077.3 2932
 183.8 205.4 218.7 504 836.7 1113 1611.4 2019 2874.3 3040.6
 178.2 199.6 343.1 776.3 1125.3 1228.6 1283.1 1814.3 1882.1 0
 214.1 301.5 357.5 628.4 785.6 1442.1 1862.4 2014.5 2082.4 2226.1
 129.1 203.1 216.4 659 933.2 1196.7 1251.2 2015.4 2083.2 2250.7
 85.8 173.4 253.1 686.4 1000.1 1103.4 1158 0 0 0
 41.1 48.6 53.8 332.4 1032 1612.6 1667.2 2123.4 2190.6 2349.6
 209.6 232.3 268.7 748.6 780.1 1011.9 1682.4 1835.2 1903.1 2718.1
 181.1 221.2 235 276.6 306.4 1696.7 1751.3 1904 1971.9 2138.9
 175.8 254 468.6 845.2 922.8 1653.2 1843.3 1995.9 2063.8 2230.7
 86.09999999999999 155.5 480.4 649.9 762.6 1329 1383.6 1909.6 1977.5 2144.3
 155.4 176 188.5 570.1 601.9 1382.1 1436.8 1589.2 1973.5 2759.2
 238 313.1 327.9 480.7 512.4 1416.2 1584.4 1919.6 1987.4 2632.3
 71.40000000000001 184.9 197.9 361.1 392.4 1421.1 1475.9 1628.2 1696.1 2966.3
 73.09999999999999 517.8 612.9 659 811.1 1104.7 1583 1735.3 2337.4 3012.5
 72 365.7 423.8 523.1 592.3 1233.9 1288.7 2114.7 2182.5 2743
 132.1 308.5 345.7 907.5 939.6 1041.7 1619.6 1771.7 1839.5 2005.5
 150 169.7 182.2 850.3 973.2 1403.4 1571.7 1723.8 1791.6 0
 194.7 276.1 404 541 614.5 1354.6 1624.4 2098 2165.8 0
 73.09999999999999 126.2 137.1 906.9 939.2 1306.6 1361.4 2086.4 2443.5 2588
 108.9 125.7 136.7 629.7 758.2 1155.2 1209.9 2154 2221.8 2389.8
 129.9 148.5 160.4 632 664.3 1659.2 1714 2167.6 2235.3 2403.2
 1697.7 2476 2492.4 3559.8 3592.3 4136.3 4191.2 5077.9 5145.6 5312.9
 1160.2 2480 2625.8 3480.5 3555.3 4002.3 4057.6 0 0 0
 1378.9 1864.5 1900 2877.6 3433.4 3970.6 4026.1 4000.9 4066.4 0
 1017.4 2516.7 2882.1 2983 3387 3490.6 3546.2 4134.9 4202.6 4183.2
 2114 2189.2 2380 3078.7 3328.3 3432.3 3488.1 4101.2 4168.9 0
 721.9 742.8 2138.9 3223.8 3256.4 3665.6 3721.5 4558.3 4625.9 4612.5
 772.5 2162.7 2762.9 2875.8 3341.1 3847.3 3903.3 4470.6 4538.3 4713.5
 1286.5 1306 2481.3 3015.5 3455.9 3560.4 3616.5 4655.6 4723.3 4897.7
 1161.5 2406.7 2420.1 3048.2 3139.6 3940.7 3996.9 4150.5 4218.1 0
 1350.5 2006.9 2134 2326.3 2854.5 3970.5 4026.7 4414 4481.7 4480.9
 334.7 1385.4 1639.3 2667.3 2699.4 3689.7 4742.4 5147.5 5494.7 5671.6
 1124.1 1209.4 1222.8 3024.2 3284.3 3781.5 3837.6 0 0 0
 369.4 1540.9 1840 2970.4 3202.9 3817.9 3874 3881.6 3947.1 4367.2
 346.9 390.5 1428.1 3200.8 3512.3 4015.3 4071.5 4397.8 0 0
 76.8 852 892.7 2769.8 3300.8 3490.7 3669.7 4722.6 4461.4 4798.9
 331.1 346.8 1652.8 2865.2 3513.6 3758.2 3814.4 0 0 0
 1016.5 1117 1128.4 3340.7 3563.6 3735 4006.2 4019.5 4085 4242.6
 369 384.9 1268.8 2871.7 3253.1 3716.9 4385.4 0 0 0
 714.4 1643 1828.2 2551 2581.8 3527.4 3775.7 3795 4338.2 4739.3
 1160.4 1176.2 1815.6 2075.6 3281.1 3821.7 3877.8 4309.2 4379.8 4554
 618.7 1819.7 1830.5 2574.4 2646.8 3548.1 4178.3 0 0 0
 329.7 791.3 802.2 2681.5 3388.8 3638 3787.7 3810.9 4148.2 4305.7
 375.9 476.6 487.4 2584.3 3177.1 4135.7 4334.7 4497 4567.5 4740.7
